7923.1
12881.4
5487.6
6512.8
11102.2
7416.9
22716.5
11237.0
12528.8
15994.9
7362.6
20687.2
11220.1
9499.0
18228.9
14236.2
8452.4
17066.5
14306.6
11113.6
9226.8
17103.4
28418.0
9887.1
23791.9
9262.8
19217.2
20197.3
2981.9
11459.0
15880.9
7429.3
17641.6
12706.1
21310.7
19182.2
20417.4
10135.2
13422.9
25921.8
9493.7
15183.1
26512.3
8616.4
12533.8
9508.4
4820.7
19761.0
4771.7
22086.8
12807.4
17916.9
16793.0
10929.9
9414.1
21720.4
17577.6
10415.8
11865.9
14775.7
22528.3
14301.6
22680.4
7680.2
13252.0
11320.2
16800.5
8854.6
14892.3
15898.6
14094.1
20259.9
15877.1
6086.6
6212.3
8871.4
15841.7
6737.6
19473.1
3111.5
17942.9
6126.5
8311.4
19389.3
8740.0
13353.6
14180.9
16010.1
16703.9
18645.3
21955.5
7099.8
18123.4
13771.0
3927.7
20866.9
13788.4
15662.1
14898.4
11155.6
9392.7
17009.7
11667.9
11814.3
11669.5
17394.5
8230.8
14648.4
14211.4
13091.8
15031.7
14447.0
17926.5
20134.1
23044.4
12672.0
4021.8
11305.4
9206.0
4773.4
13246.8
3216.5
3102.5
24699.6
4016.8
18202.6
10465.6
11920.1
10761.7
19910.4
9588.4
13579.8
14235.2
12184.9
22632.1
26216.5
12052.5
9621.4
8242.0
5066.6
15366.9
9819.8
22783.6
2951.0
5671.7
10838.7
16074.4
21500.8
30048.7
13247.3
26183.8
9249.4
15157.5
23410.4
19866.4
15796.6
14952.3
6693.3
6096.8
18026.1
12431.3
4407.6
6959.8
14395.2
17140.3
10382.1
20567.4
23057.0
8417.1
15942.3
27973.7
12059.4
11276.4
10438.1
7067.8
5022.5
10997.4
7304.8
8955.7
17083.3
9814.1
17707.4
20378.5
13901.7
4949.7
20979.5
13464.8
20480.0
8891.0
15267.5
9717.1
6699.2
5549.6
15624.0
18657.9
29623.9
18260.6
20225.3
19441.6
16484.5
6380.4
16400.4
10894.0
15626.5
13398.5
5452.8
11330.1
11514.3
7579.3
6342.4
12787.1
14386.7
7734.6
10143.4
11814.3
25065.4
23444.5
12855.9
14436.9
16666.6
10959.7
15471.9
8019.2
12987.9
18140.3
12479.0
7647.9
6964.5
7708.7
3712.4
13380.2
15788.1
23549.9
13013.2
13972.1
9593.8
13989.8
7311.6
9003.1
13611.5
24488.0
18771.5
6909.7
8654.5
12794.5
20316.1
8096.7
14962.0
12007.8
10126.0
10511.0
13327.7
13077.0
27725.8
5400.3
22608.2
9788.1
20976.5
6990.5
11567.0
12837.2
19631.7
14441.6
16252.6
17550.0
6768.9
11427.1
25071.5
20109.3
8725.8
7761.1
22815.2
14590.3
40386.7
14949.8
20866.2
9552.7
15562.9
15099.3
5422.0
10423.9
12984.5
13509.2
12653.7
7933.4
19247.1
6304.4
18837.8
21311.6
14672.8
9091.0
26968.8
16956.4
14421.0
16257.9
12602.4
19536.0
5349.8
9157.1
9161.8
14495.4
9469.1
13279.4
15053.2
15025.5
14832.5
11294.8
21322.1
20582.8
28582.5
11818.8
10284.6
20172.7
20714.5
11881.3
8528.8
6606.9
15547.4
26665.1
24600.3
10098.3
14922.6
24541.6
10327.3
8413.2
11626.9
11858.0
8217.3
19240.7
7583.7
23655.3
9360.6
11251.7
12472.8
14716.9
17048.4
8864.3
10407.0
16881.1
26994.2
23440.0
11679.6
11448.6
9427.7
9667.8
16981.1
18866.6
18032.1
14016.9
12113.7
5186.3
9752.4
18415.1
16955.4
16680.4
10932.0
15579.3
10879.6
27277.5
22596.9
23344.7
5893.6
12776.4
10898.6
15149.3
16897.2
13743.7
21687.8
18823.1
19082.7
6359.6
13896.4
14484.5
6258.6
19656.0
23198.6
4241.5
14704.8
15112.5
18271.6
19379.3
19353.9
13588.0
14051.5
11074.1
9406.5
15021.1
21280.7
20659.7
18807.3
15237.3
22049.1
5026.8
13059.5
13866.6
32032.3
21979.0
13808.1
8734.7
21774.9
18814.5
8452.6
3509.7
13241.7
12527.6
15759.9
10323.6
22216.3
13092.8
16169.9
14944.8
28497.0
10542.8
18348.4
14594.6
10881.9
18879.2
14699.8
20921.5
20221.3
12296.1
11689.4
17812.3
24978.5
5246.1
7504.6
35273.4
18385.3
26131.4
15881.7
19546.4
14297.4
8046.3
24511.0
16450.3
19605.2
15533.9
17612.0
9301.1
20109.1
29065.7
23552.2
11544.1
20120.5
17054.3
19616.1
12747.2
7427.1
4809.1
9032.6
6459.4
14878.2
23247.7
21918.0
13237.7
13751.2
10532.3
6491.8
9662.0
8843.3
10746.5
19716.8
8437.9
10452.0
5016.5
10385.8
21170.3
17092.9
12784.9
7076.3
24136.5
9129.4
26499.0
14707.4
16855.7
17427.6
13128.5
15042.9
15708.8
21785.6
12545.3
28454.2
18775.0
12826.6
15733.5
23183.9
7547.1
28470.6
12923.8
18276.3
7126.9
26629.7
17813.8
29153.8
24764.0
11206.5
21397.3
16143.8
14171.5
11931.9
17657.7
13911.4
16057.9
17779.5
22192.0
12823.9
12749.2
20521.9
14141.0
14551.7
5844.0
18925.3
27977.3
15348.9
10678.8
9697.7
14170.7
7910.4
11743.0
14924.7
25785.4
12671.5
13960.7
10931.0
9814.6
13560.4
22231.6
14297.0
3610.4
17151.4
21839.6
19089.3
12477.2
17684.0
21435.1
11908.3
12638.1
8311.8
8048.8
18231.8
14658.2
5798.1
23232.8
16207.4
23758.7
22778.9
8089.7
19986.2
1739.3
6059.0
11081.3
8612.5
6675.6
19341.5
14219.1
8924.1
7063.9
9357.6
13108.1
2171.7
18406.7
14645.0
24477.3
11874.7
16517.5
8764.6
15557.0
19753.7
25573.7
21007.3
13167.0
4532.9
14764.9
21767.3
31512.3
13092.1
15511.8
20176.6
13375.9
4169.2
16367.6
6122.6
10079.8
18036.0
15391.7
9302.1
10154.9
8756.8
9610.5
15828.7
15559.9
20776.2
8422.0
14154.4
3517.4
17504.6
15767.1
15939.8
18315.7
7847.4
15485.3
19969.4
27722.6
20580.3
16886.8
31816.7
11649.6
17299.4
17023.9
18611.9
9841.7
12346.7
20961.6
10860.9
22264.1
3848.9
10351.8
16443.4
27130.5
4809.5
21170.2
14073.1
14989.4
21613.1
14274.3
19494.4
7709.0
9311.8
13437.2
17122.7
22734.6
12339.9
24835.1
13706.2
5130.7
9548.9
6938.5
15468.0
29918.2
16653.4
17492.1
14720.3
19237.0
14948.2
15547.0
10439.7
16454.2
7232.6
12260.1
14486.0
19366.2
19070.2
26582.8
30904.8
11952.2
15100.9
10799.1
21214.4
6656.9
19366.6
10968.6
16540.0
5448.6
9980.1
19469.3
16363.9
27191.9
2791.8
4732.0
14994.5
8775.3
7052.4
22057.6
11251.0
2930.3
11036.8
22073.5
21832.6
17589.8
14060.7
11791.7
20068.6
8810.0
22374.9
16797.2
14751.5
6803.7
12969.9
16339.0
19254.3
16295.6
8230.6
7174.1
33155.8
13038.4
15807.4
16246.5
17154.2
10513.6
19231.5
8205.9
16986.0
15948.2
20166.2
21624.6
18671.1
12681.2
8269.3
11043.7
21742.7
26100.1
6862.8
16641.2
10925.9
24008.2
14707.6
13954.4
6808.7
25935.9
9851.6
10070.3
15844.1
26890.1
20820.6
21242.1
17064.9
16257.0
5698.5
19675.6
11424.9
19317.2
8136.9
11831.4
13428.2
17896.4
10715.9
6395.9
17509.4
19572.9
19927.1
14900.9
10136.8
18095.8
3972.9
4399.4
16799.2
19732.3
17380.1
8623.6
14589.1
2662.0
11687.9
6486.6
8131.2
14736.4
9591.4
11693.8
14671.5
6283.3
23214.8
14048.7
21761.7
9519.3
20870.8
14685.0
12718.9
11356.8
13735.1
14682.9
26278.7
23531.3
5711.2
20574.1
17530.7
12377.2
22730.5
12961.1
9484.7
14315.2
19915.2
13855.3
8230.5
19471.8
17832.3
16454.0
7495.3
20707.2
7986.3
8627.9
21645.9
19344.2
11486.0
13478.0
9904.6
19074.7
14491.4
18122.1
12610.6
12808.5
26028.6
8318.5
5675.5
9722.1
13718.3
11110.0
9103.6
3811.7
10682.2
18142.9
14628.0
24858.6
17118.5
23070.9
23431.1
6569.4
8817.8
5519.6
16644.5
22181.8
9100.8
14553.2
13051.8
3118.7
27764.0
14564.4
20132.6
27291.9
23800.1
6727.3
8375.3
3484.4
9956.1
8373.8
11334.9
9869.9
9356.2
23166.5
13038.9
20489.4
15410.8
9290.5
11912.3
8522.3
9759.9
12105.1
27235.3
12358.8
12211.4
15051.3
16627.3
8963.3
11961.5
4069.0
30218.8
10336.8
18199.7
17272.8
9066.8
8317.8
14223.6
12089.5
11539.5
24892.1
10561.1
31126.2
10254.5
9449.9
35617.6
20921.1
13499.0
19237.7
21555.7
23438.0
28744.6
13437.1
14066.0
11433.2
13579.4
20060.4
34954.0
16167.5
17009.2
21448.9
17385.8
11696.5
23997.1
18825.6
23174.5
15334.5
27580.3
7613.5
19873.4
6424.5
16295.7
6446.1
11954.0
10764.5
15341.6
20238.0
10692.5
15089.0
15397.7
17235.3
12312.2
12541.2
11790.0
17051.9
11634.3
15046.3
17078.8
8290.9
17239.1
11144.8
13209.4
8359.0
11031.6
7342.7
13998.0
7957.6
6093.5
20137.7
12355.5
8193.2
11339.9
15685.0
15148.3
15303.2
15469.1
9976.1
19767.1
9343.0
16244.3
11924.8
13837.1
8858.0
18369.0
6216.8
7337.9
18094.3
15404.4
20491.5
14426.9
6583.9
7355.4
12708.5
4752.4
15405.3
13344.5
3790.3
21044.4
25955.3
14501.4
22844.0
17182.4
16657.2
14338.6
16738.3
13490.2
9429.7
8981.3
4357.9
13711.3
15108.8
13222.9
12195.9
14466.6
21692.1
20461.1
30078.8
15761.7
17313.6
12661.4
23553.0
26683.1
20780.0
8998.9
11399.3
20041.2
21848.6
26637.9
19901.1
24215.7
25273.4
7634.1
8799.5
28955.6
13300.0
25286.7
6810.7
6323.0
12800.7
24109.4
17946.0
11577.2
13406.1
11795.2
21095.9
18572.5
9137.0
14874.0
15360.9
7950.9
22985.0
13680.2
8550.9
29337.3
20087.6
12360.9
10844.3
10522.3
9068.5
13117.3
16928.8
8003.3
22130.6
9824.7
18304.5
3500.4
16209.7
6708.6
17285.1
16405.9
14991.3
17202.7
9604.8
11303.6
15879.4
19014.4
16633.8
6954.0
12685.6
13370.7
3822.0
16780.2
24666.5
6158.5
14133.0
5408.9
21552.5
13606.4
16932.3
7944.9
5772.6
7968.4
4982.3
9435.8
23507.3
2692.8
20252.7
22262.6
12219.8
16001.5
22030.5
8652.2
11585.7
5131.5
11282.8
17289.3
14061.4
15356.0
18180.3
17344.2
14886.5
14770.4
14743.9
15043.2
8138.3
17417.1
18995.6
11331.9
15771.1
17032.3
23326.1
14664.8
9288.1
12430.6
11394.7
9632.5
8957.9
14908.4
17622.6
12879.7
11459.8
15887.7
4866.8
7913.9
20988.3
5413.6
13407.3
23474.3
12145.0
18559.6
11879.7
26628.9
15379.0
16930.4
18333.1
9210.4
18222.0
16623.6
25137.6
28927.5
17850.4
18804.2
14316.1
5287.9
10686.4
17147.1
13803.2
26100.3
22150.8
7515.3
7157.9
14452.6
16821.3
18924.5
17062.6
27747.6
12592.8
16076.4
18466.1
13481.3
12510.0
18644.6
11265.2
15047.8
7452.0
16991.3
14376.4
18617.4
21095.9
15490.9
15713.7
12406.3
27079.4
10313.7
12921.6
11201.0
7861.9
5874.6
8496.9
12846.4
12582.8
9630.9
8544.9
13598.7
15897.6
23066.4
19641.5
16477.7
14888.6
16694.0
14206.9
3551.9
13521.5
17247.3
23483.2
8344.7
6641.3
11272.4
7693.1
17612.2
21903.6
8882.9
15508.3
22380.0
11825.9
26457.7
10241.9
12989.6
16622.4
11486.6
11750.0
14754.6
11741.0
12437.8
12494.0
22668.1
14741.9
21579.0
21571.7
22296.7
19457.5
11003.3
15755.2
21328.6
19751.5
24646.7
14387.7
10371.5
15584.3
26857.0
19541.8
10387.9
7978.4
17167.2
7702.6
8591.1
17693.6
23534.4
5906.1
18028.9
6377.6
18423.9
13278.6
29182.8
30563.5
21983.9
10822.7
13061.8
16034.0
21323.9
15544.6
11340.9
23722.2
6857.7
4791.3
21879.7
27610.0
2823.7
6941.7
19719.0
14583.9
11775.2
6076.0
7966.6
21662.7
10457.0
13849.0
19709.7
18279.3
17516.6
13308.2
10202.3
26540.5
11357.9
22002.9
16230.7
9368.0
4136.7
16554.4
4560.6
15928.7
8212.2
13471.5
15971.7
6991.1
11185.3
11573.8
4570.2
5733.4
12703.1
14651.6
17615.4
7173.2
9066.4
19672.4
5393.0
7616.6
18370.9
17676.5
10381.6
27025.7
7201.0
11155.7
20782.8
14957.5
5379.2
12902.7
16945.6
13995.1
17434.3
14230.3
12784.5
15756.7
29877.3
34723.1
18984.8
6672.5
4581.3
12400.5
17890.4
12933.0
14454.3
17847.9
7471.4
13924.9
10749.2
13787.0
11142.2
8312.7
11868.9
20975.8
14761.7
15538.9
10054.3
11039.7
15983.5
5164.2
20964.7
18107.6
11861.7
5865.6
19470.3
16928.0
24763.4
6672.8
15434.0
5064.7
17633.8
20823.1
7115.3
13521.1
12876.2
14149.3
15759.1
19375.8
10127.4
23491.2
18448.3
14021.3
28167.4
12125.5
14191.9
17878.6
9289.5
4147.9
18997.7
20271.4
28477.6
30405.2
21053.2
13444.5
12465.7
17394.3
17040.8
9307.4
8112.2
9190.3
14599.8
21103.7
7984.2
8705.4
6800.9
20074.8
21532.5
17567.8
18956.3
18493.0
19519.6
13757.8
13899.6
18516.8
18723.2
13881.8
13888.5
12947.7
29296.4
10064.8
5073.0
3407.6
11556.7
11552.0
20065.9
19526.4
17301.6
7557.5
8886.4
20396.6
24912.1
10416.7
14659.1
10735.2
26651.3
15700.1
20865.3
19106.6
29125.2
7851.0
17906.3
4872.4
19850.0
9170.6
19369.8
21083.6
13071.7
20182.0
15752.9
16569.8
10713.7
11247.5
3529.9
20521.2
23356.8
6139.1
8290.9
24041.3
15790.0
25919.1
10796.8
8403.4
22068.5
12565.9
18247.0
23803.1
18227.9
11883.5
16507.6
27330.8
20517.6
13361.0
16162.9
14477.7
15337.2
8945.9
22909.5
12941.0
23861.4
21025.4
11046.1
23392.0
3816.7
26269.2
18486.1
12404.4
14013.1
14242.2
14698.0
12834.7
17220.0
11912.0
23828.7
23285.6
15104.7
7558.3
15762.0
7845.0
7992.0
12336.5
12669.6
2288.7
8446.4
21015.4
18914.1
14478.8
14232.4
7235.2
4336.9
13755.3
22522.2
7342.0
11634.2
13781.2
9623.9
7624.4
20241.6
16889.1
3331.2
10940.5
18816.1
13443.7
10070.2
19679.4
18900.9
30818.7
15598.4
5327.2
18785.0
11998.5
19438.1
9270.7
7489.4
13184.1
24386.3
10880.2
7502.7
7951.5
10752.6
3554.9
12268.7
20231.4
2579.7
5785.2
19728.5
16715.5
8094.2
11789.2
19436.0
17260.4
12428.8
19361.8
21919.3
16724.2
19213.6
20968.7
25479.8
23456.3
18536.4
8474.2
8474.8
3802.1
16145.9
14995.0
3196.6
12040.0
12854.9
27506.3
16690.0
21613.0
15481.8
9997.0
29035.4
8166.9
17181.6
17886.9
8455.8
15956.5
6848.4
11166.3
4387.1
14711.3
18896.2
17441.5
9853.5
10693.8
18958.9
23265.6
22963.3
7471.0
12114.8
15150.9
14285.4
19536.9
18122.4
27235.2
29929.2
18466.6
18135.4
19327.1
9434.2
12746.3
23303.6
19793.4
7853.1
18038.7
2458.6
5389.9
4037.7
13147.1
6821.3
15581.8
19883.3
12106.3
7118.5
13939.4
12178.2
14655.9
5911.3
22474.7
17198.5
10279.9
10184.5
10803.5
5962.0
15196.4
18174.9
19983.2
17597.3
11788.3
11738.6
15690.9
5514.0
17258.7
11032.4
11943.5
36731.1
16687.1
18960.9
20589.7
20849.9
11733.7
19301.3
12462.4
20376.9
19995.7
11977.7
24164.7
18993.1
8128.2
9840.8
23613.9
17417.8
11811.6
10180.1
6992.1
10697.7
17498.6
14724.4
18523.5
28725.6
18925.4
19107.3
21809.2
5174.2
20966.7
8869.5
19637.0
26616.9
11939.3
12592.0
7690.4
27265.5
16011.0
19185.0
16998.0
15547.7
20210.6
17104.3
12539.1
3764.4
6392.8
6924.8
6109.2
14695.8
10405.6
7195.3
10032.7
11414.9
10904.7
17020.6
6475.7
27829.8
22154.8
17595.6
11109.1
10668.7
12542.4
28296.5
19652.5
22381.5
15708.0
16952.1
12887.1
10842.2
15647.6
15394.0
10618.0
18638.5
23056.3
26266.8
16852.6
19025.6
11424.6
12741.0
10507.7
10518.0
13698.8
15175.5
17913.3
27974.6
16279.0
8504.8
11843.1
9436.4
13733.9
13908.6
10816.7
1909.1
20835.8
15297.6
23762.8
2265.5
11052.7
15134.8
9737.9
16633.0
20698.2
7186.1
18537.1
15969.8
18213.9
10478.2
13176.7
11380.1
17299.5
8885.9
21177.0
19893.2
14615.6
8996.6
3585.6
15555.9
13448.0
10822.4
15609.1
10188.0
12320.0
17140.6
18194.9
12887.1
4373.1
24372.1
11606.2
2001.7
15056.1
12932.7
14431.6
20368.0
19198.7
12010.6
6499.0
25434.5
11813.5
4337.3
15959.7
31769.9
7727.9
18553.9
11579.4
10123.7
15058.4
14347.0
11717.9
23892.4
12961.2
7672.5
17974.5
17585.1
7709.5
14270.0
20293.8
11919.9
20613.5
17114.6
7322.5
13530.1
4315.6
12930.3
26014.1
15383.0
12958.1
9600.7
23595.8
8728.1
13467.9
10837.9
20604.6
13896.4
24210.3
20046.1
13878.5
7991.5
12870.9
12778.3
8338.4
16203.8
11979.2
2916.1
17578.1
7756.3
16902.6
24259.0
8414.1
11667.3
24874.8
22904.9
14624.4
14724.2
8881.4
16786.9
10659.0
17341.6
9422.8
8189.5
8662.2
13254.0
11253.7
9774.6
6610.4
5849.1
12969.4
6304.2
4699.5
13668.9
20350.2
5137.4
11313.4
16276.5
17375.5
11985.8
13942.5
22719.1
26161.0
23324.4
13755.1
14828.0
18226.6
18879.9
12171.4
13187.8
28153.0
17581.9
6154.4
12275.4
11687.9
18755.3
7094.9
15800.1
6249.1
22701.8
10389.9
14923.4
13305.3
11657.6
14380.3
7066.5
14254.4
24890.0
20195.6
13970.1
6386.7
29582.5
14761.1
25142.8
21388.3
9031.2
18025.1
12283.3
20783.8
10422.0
10507.0
11799.0
14182.0
10486.4
13515.2
5137.4
19099.5
18380.2
24129.1
10609.9
11037.2
6159.6
9112.1
14742.8
8820.2
22742.2
17762.1
18212.0
13457.8
10541.9
7808.7
9542.0
8189.1
12924.5
17237.0
23351.7
16300.9
23336.1
20370.1
23790.5
17039.1
10211.2
16007.0
9498.1
13304.3
9586.7
11642.1
18071.5
13808.4
11138.8
18129.0
6103.9
6247.8
24377.6
20228.4
21061.8
17550.5
16986.2
27512.9
7425.5
17017.9
3145.8
17655.6
22058.7
10594.6
15190.2
26010.7
17119.9
7852.3
14438.0
8173.2
25003.3
19994.9
17324.2
13129.0
14541.5
17331.8
15060.9
23936.5
17582.1
9701.1
13756.1
9900.9
20625.5
29444.3
30515.5
6889.9
12067.5
17864.0
17448.8
13397.9
3380.4
13855.3
13361.8
11275.4
20481.4
19019.2
20753.1
22007.8
15156.8
19296.8
13355.3
11088.7
21777.1
18998.8
3987.5
22707.6
5542.4
23187.9
13127.0
3319.2
5719.7
13014.5
9812.4
21137.3
8367.5
9641.5
19380.7
10410.5
10860.0
11727.0
6313.8
15057.5
10728.6
9219.8
3390.3
29727.1
17667.0
12014.0
12782.7
19282.1
4159.0
11278.6
12590.3
12088.0
13285.0
34412.3
11213.4
18400.2
11089.7
19382.9
13802.2
7327.7
10539.6
15023.5
18666.0
14744.9
14323.5
10228.7
11394.2
16188.0
18040.3
5457.6
9248.9
22200.5
8790.2
8955.0
20420.9
19414.4
23790.9
13399.6
14642.2
8237.2
18896.7
12120.1
11132.7
11879.3
15777.4
15736.5
14473.8
17962.5
1259.6
18598.3
19480.8
4765.1
6905.1
9937.5
11975.6
20546.4
22187.5
10207.6
12117.5
15786.0
15634.0
15244.5
31234.5
8275.2
11516.7
6001.2
32910.6
9732.1
15222.9
16092.0
11974.5
17706.4
13376.5
8298.0
19413.5
8039.9
22586.4
11034.8
11503.3
17222.0
13951.8
22984.3
6233.9
14972.0
16067.5
16004.2
8119.4
24476.0
13484.7
20763.6
11178.6
9968.4
9954.9
27794.2
29956.1
16278.9
22846.0
22477.1
19857.7
10488.3
10911.5
11483.9
13603.2
18357.3
17601.3
20115.2
8540.9
12536.9
15406.6
18573.6
13454.4
20028.4
16196.5
19387.8
21221.8
11397.1
4634.1
10156.7
16059.1
16108.4
18615.6
21937.3
4370.1
12370.1
16340.7
33493.6
11026.0
13875.6
14926.8
7763.8
5543.4
13525.4
4134.9
20958.2
7747.0
10428.6
10724.7
24573.8
23733.7
6223.2
19055.5
12549.6
3279.6
13501.1
11123.1
21199.7
14740.5
12565.8
8260.5
29894.1
16626.3
12364.2
15327.4
22240.5
10441.4
18734.5
12449.4
26662.3
6145.3
18811.5
11530.6
7416.2
14247.9
24086.9
14822.8
11604.3
13769.1
19106.0
15710.9
21324.9
15578.1
12029.8
15372.4
18113.5
9841.2
6649.5
6109.8
15472.4
7251.0
18570.8
15078.6
16123.5
22565.0
11305.7
6507.8
13430.9
6146.8
15752.2
14720.5
27253.5
11321.0
13846.5
11083.0
13885.1
18360.2
14709.4
13787.5
6246.2
22484.3
13282.1
3218.0
15934.2
15476.6
13939.6
7634.2
17033.0
23204.3
15913.0
9790.2
8536.8
17307.9
18674.8
12252.5
13376.2
16951.6
18972.6
16289.5
24085.3
9722.4
20398.4
7775.2
17507.1
11613.7
15121.5
12330.8
25333.9
12660.1
9005.0
5646.9
15711.5
14850.3
19345.3
7817.9
13860.9
17916.3
14303.9
7697.4
8187.4
20567.6
5944.3
9766.7
13377.8
6942.5
8357.1
5154.2
20633.3
13908.0
30272.4
22921.3
21208.9
28443.6
12291.4
12577.9
17328.6
17204.0
26667.7
8698.5
14446.4
5262.4
21065.7
20404.0
15784.8
10749.1
8526.0
21827.6
7849.1
11173.9
12698.6
15491.6
10906.4
21498.2
15488.7
5049.8
19118.4
11455.4
13664.4
10786.4
23059.5
23639.3
16591.5
16571.8
22350.8
21639.9
34460.2
9801.4
14075.6
14088.7
27189.6
7351.2
17589.8
12875.1
20658.2
27596.9
9564.0
23258.4
10855.8
9149.4
13629.0
11540.9
20391.9
15858.8
9238.3
6725.5
16339.7
18319.2
10771.5
8267.5
23652.3
23529.9
26202.3
22967.9
21319.0
29298.4
18715.3
8378.1
9201.6
8504.6
19286.8
4537.5
24118.1
35283.7
9346.3
8797.1
23039.3
24181.4
18496.0
10402.9
13108.4
15145.1
22681.0
11988.3
12756.2
7227.0
15447.4
18804.5
9123.5
16965.1
8273.1
12861.3
21501.0
20558.5
16148.5
13786.5
12763.0
13466.6
6531.6
10530.3
3004.0
14239.2
10115.3
12581.4
15837.2
12253.5
7938.0
14891.6
14375.0
17977.8
14520.1
17121.7
25083.0
12092.0
32825.5
17702.1
22628.6
13947.8
8066.0
14125.5
5858.9
12450.7
15572.4
8879.8
24683.7
23085.5
11178.5
12173.6
24167.7
3088.6
7986.9
13950.8
13226.3
14774.8
14077.5
16031.9
20934.2
28011.5
11774.5
6310.0
6703.8
24643.5
19522.0
12857.1
11142.0
14806.6
22691.9
4672.7
8356.6
14445.8
22721.9
15472.0
12610.3
6596.7
16590.4
10652.5
12416.7
13070.2
6770.5
25186.1
12535.2
15512.7
19142.6
15793.2
12121.4
5748.8
19174.2
12374.8
17497.1
9938.7
24038.5
19650.7
28436.1
5779.8
18445.7
12520.9
12522.1
5502.0
10725.5
16468.2
14322.2
6865.9
26450.4
11444.7
18000.0
8662.3
19933.1
20277.0
16910.8
19696.0
12438.3
3582.9
31194.5
14064.7
21803.0
12150.0
12724.6
24370.5
18524.9
13221.3
10253.9
12834.6
23877.5
20158.4
18053.3
9156.6
21986.5
10665.9
24270.9
16132.7
11183.2
31769.7
7262.7
21201.0
24390.8
23728.1
12408.7
14826.0
6050.3
6786.7
10480.8
19509.1
8907.7
18981.4
15548.2
24920.1
12787.2
9338.2
13573.8
16492.4
12470.9
24635.7
16797.6
14822.9
17190.7
9773.5
13458.5
16775.6
21502.8
8046.2
15950.4
13675.2
17647.0
8310.6
15243.7
17005.1
14088.1
19268.2
16867.5
9295.1
22355.0
19097.4
11480.1
16144.0
8484.1
18434.8
11114.5
10264.7
15247.6
27008.8
23199.2
24662.2
12695.1
25668.3
8603.6
19800.1
6235.2
13853.2
3707.2
13828.7
16099.8
13844.7
8700.1
13428.7
12952.6
12744.8
14351.7
7252.3
17390.5
13477.2
13660.5
20243.5
10965.3
26211.0
15988.8
17097.8
17711.2
18414.4
11837.4
14789.1
16431.0
13967.5
18010.3
12950.3
9416.0
19203.2
16240.3
9337.2
6627.7
29075.1
5507.3
7513.0
6893.8
13620.3
9083.9
18372.0
12407.7
21825.4
19996.4
14225.9
5140.2
12585.7
24745.4
21835.2
6424.8
12486.4
15086.1
9932.3
13459.6
31625.2
22590.4
12763.9
10281.2
11096.7
10690.0
6362.9
21429.7
21092.7
12150.7
10028.6
13682.1
6990.9
16790.1
13021.1
3356.4
10663.4
6589.1
11537.2
15304.7
14954.4
19576.0
5296.7
14942.0
8750.8
10739.9
9087.8
13500.8
19091.7
5375.3
4938.3
18262.2
16325.3
24964.1
10694.5
14391.8
19236.7
6909.8
23925.1
22473.1
9651.4
11601.1
12212.7
15491.9
12171.6
10074.8
15342.9
11475.7
11890.0
3656.4
22113.8
13113.0
11260.5
8573.2
15384.8
14365.1
19508.7
12006.9
15768.5
26885.3
7627.6
15293.8
16563.0
35332.3
17311.5
27752.8
6282.9
6059.2
9951.0
7584.8
15117.4
6920.7
13262.0
14681.4
15651.6
13122.0
6886.7
20672.1
13387.7
7402.0
14749.8
16200.6
7971.6
16984.8
7404.3
11466.1
22810.0
17514.0
9684.5
21853.7
24749.3
17056.6
7608.6
13514.8
22527.4
8665.2
12848.1
21621.4
9704.4
5402.6
14311.1
11173.6
17078.3
5485.4
14996.1
8981.2
16811.0
23170.5
19337.4
5224.7
14183.8
10555.8
17091.6
12405.0
6692.2
16830.2
29607.2
8854.8
11401.4
10184.7
13739.7
10510.5
30547.6
30712.1
5801.1
9987.1
9805.0
25450.1
4712.3
9742.5
13439.7
10213.2
18183.2
14354.0
17594.3
9856.2
14022.9
16640.9
13245.5
8880.6
6265.2
12938.6
22361.4
18682.7
15742.0
12545.2
8608.0
11368.1
17213.5
19193.5
18897.2
19361.8
18842.9
21335.3
12707.6
14897.9
13761.0
11720.2
23194.1
8663.9
11434.0
14988.8
21108.6
10188.7
17461.6
9716.3
14457.4
12043.4
12410.2
12322.6
10230.2
23825.8
13858.1
33113.9
18888.2
17336.7
13803.1
7121.8
18240.6
20863.8
32324.1
14782.5
21139.4
9224.6
6532.0
6598.7
17331.7
8373.2
16200.8
15267.9
22113.0
19692.5
11503.5
17501.1
17477.5
28391.3
8171.9
10221.3
18327.5
20189.6
20439.5
22693.3
27684.0
10828.6
17403.9
17060.6
9209.9
12201.1
14699.1
11821.3
20620.1
20004.7
15732.8
6212.9
10670.5
17052.9
21148.2
21812.7
21360.2
11806.9
16485.9
11123.5
13738.3
18803.7
11301.1
17263.4
9447.6
24146.3
16661.5
6815.2
14977.9
24089.8
10229.4
20602.9
16044.7
20284.2
12650.2
9918.8
17753.8
20181.1
2852.0
16276.6
12545.1
12767.8
19326.9
12054.7
15078.4
22347.7
17835.9
8528.2
5187.4
8766.3
6844.8
19077.3
16099.7
13953.3
17091.9
8203.8
27332.2
14138.2
10712.7
17227.2
14509.2
10301.6
6652.1
10404.4
7018.7
17820.5
10888.8
19139.3
5288.8
9062.6
26960.3
14341.6
10849.8
14659.3
19843.0
20328.8
10564.8
6970.0
26713.0
20024.5
14593.8
3201.3
2575.7
17196.4
14449.6
10107.3
17844.0
10707.2
18406.9
15565.0
15751.3
8132.3
15838.8
12970.7
13567.6
16627.7
12603.3
11280.5
9762.1
12782.3
9046.0
16146.8
12675.2
8086.7
21929.1
15659.0
12706.8
13100.0
9999.3
5731.8
3926.9
13274.2
17292.6
9435.0
14934.2
13432.5
28058.5
7983.2
15455.3
19314.5
15027.1
9804.0
15807.1
9053.0
26654.6
22979.3
15251.4
15098.0
14302.3
11137.9
8505.4
8997.1
14829.1
13591.3
21021.8
11859.1
13724.4
18864.9
13818.9
10624.9
16172.9
17342.3
13400.7
13240.4
13803.3
13415.2
5110.6
10754.3
10921.7
9909.0
14818.4
3322.0
15250.3
16703.4
18055.5
17989.6
9527.8
11405.0
11908.4
7617.8
12423.6
4402.0
14248.9
10672.1
21571.6
13903.6
15388.2
17165.1
14632.3
10255.1
10645.8
7447.9
16692.4
3725.7
14003.8
19433.9
10698.2
8819.8
11295.1
15890.5
17748.2
8655.6
9387.6
16789.6
13168.8
14814.6
15349.8
6320.3
15347.6
6004.7
14167.8
5832.0
15270.7
16928.1
17533.8
18172.2
12757.3
14160.2
15725.4
12768.0
3927.1
7059.4
18538.4
8392.9
11839.4
17947.4
11967.7
11466.8
15213.4
10277.4
17022.7
16113.9
13348.2
11233.9
14077.4
14519.9
18752.5
25733.7
20622.2
5585.3
17102.7
14280.6
9080.1
10427.7
19202.1
8483.8
7513.3
14036.4
7139.2
13595.6
12170.0
18899.0
22137.3
3478.6
10003.5
20142.5
17019.0
13637.8
10025.7
19895.8
23315.4
22079.9
16877.5
15049.5
6565.8
17652.5
12511.3
10091.4
9376.3
8553.2
7470.4
26381.8
10232.0
3764.9
20723.3
10534.2
22623.1
9722.4
12746.8
14114.6
16252.0
9589.6
17211.3
6481.0
8769.9
16375.5
9070.3
4938.0
17000.3
15706.9
18915.6
10938.6
7903.6
12667.6
13046.2
20173.3
17842.4
21806.0
20839.6
6750.1
7945.6
19922.1
19199.3
7841.2
15003.3
12107.1
29763.7
17205.1
12777.1
9190.9
13659.3
8434.6
14078.2
10717.0
15631.9
14838.6
13916.1
15893.3
17880.6
9574.7
5653.3
13922.1
11920.7
7177.6
19463.3
19784.5
6415.7
11563.0
7822.2
10239.6
15224.1
9842.5
14389.8
19785.4
7264.1
17605.2
15874.8
8966.0
18430.2
12617.5
21519.4
9274.7
8015.8
19615.1
12185.9
14375.7
12390.3
16440.4
14660.0
8369.1
6745.9
12672.3
8442.2
14381.3
27344.6
34554.2
8043.0
12911.8
24622.3
11515.1
10833.3
14881.9
13280.9
12312.2
11158.9
13299.7
12263.1
13984.8
15868.2
16445.1
6895.5
18277.7
15010.4
13120.8
15888.9
20796.1
12327.1
13101.3
7253.9
5915.9
10633.0
11589.8
16217.1
5565.5
17543.6
9071.1
21030.2
17104.5
11168.4
24586.9
23748.6
7486.3
18175.6
11086.4
6205.6
5193.3
21967.6
13093.0
19977.5
7408.1
9243.2
27388.4
19957.9
6972.0
8114.3
10557.1
22086.1
12589.3
20104.0
11235.8
20534.1
14642.4
11200.0
19072.5
11737.0
5391.1
9914.6
14574.0
15129.3
26335.9
8939.5
18853.3
21730.9
17340.2
19354.5
10117.9
12150.8
8954.1
19120.3
16476.5
5898.2
14926.1
20976.1
14107.2
7469.3
13994.6
6293.6
3996.9
17216.6
12777.3
5536.8
12614.4
21724.2
6628.4
13551.0
3248.5
19060.5
8001.5
4754.1
11958.9
19018.9
11558.9
22910.1
15260.3
19086.8
11922.1
17829.6
16937.8
20998.2
24957.3
21565.6
21487.2
22610.0
14117.3
24673.4
17846.0
16716.4
18839.5
13747.2
13295.5
22592.4
10571.3
23099.6
22632.8
20825.8
16904.2
9962.4
7270.1
15846.8
6219.0
23496.2
14869.0
7224.9
8287.5
14329.5
13907.6
13592.2
11482.0
18222.3
16588.2
18597.9
11367.9
8517.0
20536.6
20861.3
13593.7
20764.3
16972.4
17522.3
6909.6
14583.5
4820.0
17939.8
21390.4
16656.0
5245.0
11698.2
18939.7
19126.2
27394.3
8933.8
16923.7
19090.3
13310.1
7703.9
12244.7
17822.8
22668.3
18199.1
9689.1
16664.6
21898.8
4476.9
14068.6
12841.9
14140.4
25561.0
12823.5
9796.3
22925.8
8829.3
17403.7
17607.3
2516.0
13305.1
8049.4
20241.6
9314.9
10600.4
27958.6
12947.8
20232.6
15170.6
3656.3
10819.0
15149.0
15506.8
4969.0
4169.6
9334.5
12244.5
19100.6
17653.2
13782.4
19260.9
20889.4
9386.6
18076.2
10171.7
22749.0
16298.0
25005.6
8010.5
12679.7
4449.2
11414.3
14679.8
9448.6
13465.6
14231.4
6292.0
12753.0
23088.7
18897.7
20475.6
12711.0
17760.2
9859.3
17675.7
9975.3
17733.5
14085.6
11772.9
8636.2
9985.8
5942.0
10228.6
9247.2
12090.4
6646.2
12882.9
10500.4
6999.1
9727.7
12657.7
20756.6
22262.6
10737.9
16736.1
11202.2
17823.4
16214.0
26108.4
13441.1
12757.5
7953.5
12978.5
8039.0
14859.8
8220.4
30180.7
6018.1
4924.9
16305.5
16219.2
11289.7
12643.4
17479.3
25680.9
19814.4
5391.6
9535.5
11457.9
24100.0
16333.7
18972.2
20729.7
17205.0
7202.4
7000.4
8973.4
16886.7
16674.7
7198.5
17082.5
15220.7
3653.3
20358.2
8686.7
3961.2
24517.2
17853.8
14223.7
12104.2
9975.2
18222.8
14999.8
13831.0
10637.5
13769.4
4300.5
13794.2
11233.7
5537.9
10100.8
15914.0
21682.9
12822.0
20106.3
11949.6
16934.7
15768.5
11904.9
19868.1
14572.9
14683.1
7560.7
24138.7
13481.2
9747.2
16645.0
28671.5
12134.4
26557.7
5432.5
12848.6
17559.1
23414.7
11511.7
14312.7
27982.1
7116.0
14703.9
9284.9
11301.8
27723.0
8601.4
25187.6
12526.1
5471.7
13432.9
7559.4
10389.9
12401.3
23384.1
15665.3
11310.4
17937.9
17034.0
24258.2
18389.5
15236.3
17207.0
5387.3
30424.0
12434.7
14874.5
20659.8
11964.4
15602.9
6747.9
17109.1
2085.5
17062.4
11976.6
17548.5
12381.6
8076.0
11679.5
17231.5
22428.3
11016.7
4397.3
6626.1
13418.1
8203.8
15503.7
26735.2
17654.8
16880.6
10139.5
16538.0
13960.4
12090.5
16134.9
18765.0
21056.3
11855.6
12215.6
18884.5
18367.8
11099.0
9221.3
22749.4
16039.2
10473.2
22879.8
17674.3
10378.9
21395.7
10296.7
20348.8
18341.0
23565.7
12502.6
6715.5
16215.8
6234.2
4224.5
15416.1
27183.6
13130.6
7206.7
11237.3
20445.6
12462.7
19732.3
7806.7
23138.6
19975.3
22605.7
22546.4
6568.3
23201.6
14435.1
11559.5
21488.8
9861.2
17140.4
12873.4
17552.8
23145.5
13074.4
23785.5
18771.3
11186.4
19308.1
20300.2
11477.1
6512.1
12049.8
22996.1
14931.9
18655.4
8006.8
11899.6
18999.6
12850.4
18982.4
22195.7
27684.8
22004.7
23024.2
5058.7
5462.5
11485.6
13753.5
22252.5
12856.0
15015.1
11579.0
30004.4
9002.8
14478.1
7424.7
11005.6
9792.1
8790.2
18558.6
6904.4
22376.8
7487.3
5171.3
9254.8
13834.2
13052.7
4983.6
3295.3
15451.6
19890.0
13768.7
19653.3
6807.9
27891.1
5304.7
13526.7
19062.2
21187.3
16370.1
32442.2
15708.8
10089.6
15800.2
17148.6
6681.0
19802.3
9242.6
7827.9
26087.5
15275.6
4010.1
17360.6
10335.6
21098.2
12259.1
11873.3
8645.4
23488.2
17478.8
17808.6
19564.7
15866.1
14148.1
18125.0
13262.4
9298.3
15779.8
14734.8
25922.7
30143.3
19354.2
5725.0
13878.9
9559.6
4129.4
10622.6
18566.9
6786.8
12922.0
27715.7
8218.5
19747.9
12565.0
16608.4
4661.3
20897.8
6698.9
8562.8
6322.7
30117.8
10656.5
19029.2
3854.1
23541.6
12618.5
4097.2
15433.6
9363.5
12800.9
8749.0
21046.1
6226.0
24738.6
10671.6
14070.0
1824.4
23527.5
3787.1
10090.2
14535.1
8878.6
11738.3
18175.0
14735.7
26504.1
20263.4
15553.9
13233.5
12493.0
7305.8
19309.2
7874.7
20101.2
12772.9
23901.8
5242.5
25553.9
11593.4
13974.8
7079.1
6854.3
16032.1
6106.6
17488.4
14948.1
18858.5
19636.0
5952.2
21638.5
13135.2
19870.5
14231.3
3497.2
9989.7
19154.8
28329.4
26042.0
17537.8
17911.3
13191.3
23584.3
14960.1
17357.3
23683.5
10071.7
19128.0
14751.3
13460.1
15311.9
14338.1
16860.1
20535.3
13905.5
16100.5
3965.3
18486.4
12608.8
11892.8
18373.9
14638.7
5474.8
21313.1
27132.4
15798.6
9883.8
14995.3
10448.4
24982.8
15295.0
9421.9
8232.5
16097.4
13983.2
5059.2
16815.4
8408.6
17221.1
14261.5
12455.7
10659.4
3686.2
24140.8
10609.5
10851.1
7956.9
29162.5
9183.4
20590.5
8558.8
13577.0
19375.0
18114.8
21106.5
13720.6
12042.8
23187.3
20481.2
13932.1
10184.3
21050.1
12572.1
15169.6
10500.1
17143.5
14013.0
10602.6
20332.8
13053.0
4876.3
7516.0
12518.9
9793.2
17722.7
17431.1
15214.5
21918.9
5862.0
8603.0
11927.6
23088.0
15415.5
12894.7
17357.1
15025.4
7408.5
15129.2
14994.6
29014.4
9323.7
8884.5
19643.7
15247.7
24532.7
19643.4
6092.0
17360.0
13470.5
5185.3
17034.7
11999.8
12868.7
28482.1
8712.5
20507.7
15528.2
19577.9
10804.5
12161.4
7910.0
26020.9
23820.6
10477.2
20049.9
6911.9
9583.5
5801.3
12524.2
8144.1
17052.6
9737.1
12092.7
12593.0
17927.5
15397.8
14962.6
14504.6
24507.8
12841.7
10850.3
16840.9
11854.4
14903.7
10019.1
14831.2
4695.8
12043.5
16281.6
11053.5
4162.8
16232.7
8042.4
43650.6
4805.9
28209.1
13331.2
22533.7
7818.1
17443.1
25361.8
10775.0
13145.1
12456.8
11055.5
21779.8
16183.0
13345.1
22418.5
16380.6
8410.8
24663.4
10594.1
10597.2
17742.0
22475.2
8792.0
16122.6
12339.1
7402.3
17474.1
21072.9
28111.7
8214.7
14764.3
11876.5
10471.3
17567.7
10797.0
15641.0
15215.9
18642.6
8528.7
15852.9
5675.0
10855.0
21114.8
18378.9
19204.3
10067.8
10708.6
7302.7
18267.5
20188.9
16036.9
12724.6
18053.9
21641.4
11351.3
10207.3
16997.2
15065.9
18759.0
10512.1
10446.2
5708.4
9038.4
25249.5
10408.6
2300.6
15807.4
7159.2
28214.8
9658.5
1834.4
12703.3
16585.1
8369.5
16279.0
11322.4
16117.4
9968.8
32461.2
18324.5
13268.7
11505.7
16578.6
7525.1
11800.2
8152.7
13035.3
7141.1
18261.3
16303.9
9404.6
11919.4
17327.6
13804.2
20747.3
9703.6
13231.2
9079.7
5416.1
12471.2
12701.2
12137.9
13032.4
9521.1
16858.9
16506.5
15856.3
15652.5
14358.6
20555.4
2425.5
19847.6
10662.1
18653.3
15555.3
23200.2
13241.1
16340.1
17304.3
12588.2
13207.0
15235.0
6627.0
31124.8
11458.5
8943.1
17560.7
10266.1
23175.2
17900.9
11457.4
12730.2
11760.4
14444.3
7769.8
15954.1
7593.7
16264.8
24094.1
17103.5
16665.8
16012.8
11661.3
23846.3
19575.8
24610.9
15665.0
7299.6
15795.4
22115.6
20045.6
7494.2
4871.3
15041.6
17603.9
24021.8
15178.7
10590.0
12433.5
13149.0
19342.1
6574.7
12147.3
11369.1
9650.1
13668.7
29824.7
14736.7
21173.8
8772.6
22768.5
12357.9
30071.5
8416.9
11867.7
17929.7
24685.8
8015.6
12857.1
27759.2
15115.1
12272.4
12411.5
5806.7
16313.6
17038.1
11295.4
13004.7
20014.4
5862.8
18035.7
13862.6
8007.9
19381.4
21994.2
28364.6
17072.9
8015.3
7062.6
30505.8
3524.6
10178.8
9613.9
18407.8
25052.5
17455.2
9846.9
15066.7
13193.5
14408.0
10247.3
13903.5
10007.3
12100.3
12478.4
6748.0
20727.2
16827.4
14540.4
12993.1
15400.6
16006.6
8542.2
11777.7
17874.4
17367.9
18656.7
9176.4
11496.1
20122.9
15471.8
10571.0
29030.6
6555.2
20909.9
17885.7
9967.4
16322.3
15385.8
26070.0
7903.4
26759.3
29920.1
23349.5
16266.4
11883.4
29011.5
15280.9
10098.9
14114.9
7771.2
15765.8
16523.8
5626.5
5864.9
10560.5
25932.2
8574.7
19544.3
23305.7
11735.0
9458.9
22619.6
20118.4
10893.7
15942.9
16009.0
9074.3
10913.8
10499.8
5504.3
9040.5
12707.5
17773.1
8232.0
10359.4
30666.7
17056.7
20169.0
14928.2
13253.1
16683.8
14740.3
15687.4
20677.2
16519.3
17059.4
5509.5
15392.8
17927.3
10131.8
10049.9
3620.6
18125.4
14363.1
6064.0
9203.4
10456.3
11939.8
17002.3
19406.4
9196.0
15525.0
5128.5
20272.1
18058.8
14847.8
14226.9
1975.6
14299.4
8964.3
6923.2
21259.0
9226.5
15973.0
5513.0
15981.6
16957.7
18640.0
17511.4
13878.9
11565.5
20471.5
9604.2
17031.1
24936.8
4285.7
2326.9
21708.9
15545.3
10577.2
11746.9
12656.2
21374.3
24223.2
12333.1
18790.4
21430.8
9703.2
7633.2
8050.0
12649.9
4760.3
6301.1
17965.5
10667.6
15265.8
33863.9
11218.0
18354.6
13400.0
16920.5
9092.0
8808.6
7637.5
19445.9
16373.2
9329.5
14905.4
7235.6
14544.9
23415.1
21373.1
12273.5
15366.2
13374.0
9899.6
18029.8
15372.4
5909.8
12218.7
2663.9
18079.6
16837.7
10908.7
12297.9
12397.1
12532.2
18445.9
12452.9
12263.3
7390.2
15407.0
6946.7
21894.4
5258.2
5397.6
16997.9
20769.6
4012.5
6727.4
21270.4
10648.9
12883.7
6986.5
11859.8
10864.8
6752.1
8945.5
23502.9
11657.1
13692.8
13709.1
21166.2
12772.5
13393.5
4374.0
10018.0
12043.1
9277.4
17285.8
7679.0
10734.6
6928.0
2252.6
31191.7
15105.3
15840.9
17260.5
19463.3
20719.6
15328.8
21305.0
16354.6
11129.4
14427.2
16719.5
13144.5
21075.9
16758.9
9409.5
6021.9
5231.7
4415.0
23483.6
10576.4
18668.9
13258.0
15218.6
10694.2
12620.0
835.5
16523.0
6047.4
12052.9
11821.0
16315.2
12543.2
6376.1
14744.2
6851.3
12716.9
9039.3
13103.6
18886.7
13651.5
12080.2
6033.6
13853.3
9023.3
12396.6
14554.2
19770.0
15501.2
10355.5
16260.3
14620.1
31791.6
6394.7
16185.2
16492.6
15785.0
6710.3
7162.3
23160.4
9957.0
16557.0
8190.3
6354.6
5028.3
16755.3
11588.2
9553.9
13869.3
15747.0
18838.9
20055.4
15167.9
21914.1
2820.7
10686.2
16111.4
4300.4
10463.5
12970.3
10601.4
14957.7
12419.1
21660.0
13703.7
12833.1
10735.2
5437.6
8578.8
5887.6
5705.1
16812.2
17106.3
22257.0
5088.0
18690.2
18788.7
6880.0
17221.9
13469.3
15191.8
17704.8
11150.1
11186.6
13290.3
6740.0
12681.6
16498.7
9794.9
26411.1
12310.3
21614.5
23523.7
9629.8
12073.8
16124.0
40197.8
7976.7
13593.9
15916.8
10349.9
9976.0
5273.3
22531.9
17232.4
17786.7
8601.9
18232.5
6423.8
12467.1
17920.5
15511.5
23179.3
10848.4
24675.1
9600.6
21209.6
16127.8
22286.4
14629.9
17776.8
12342.6
18279.9
17797.5
17844.6
17303.6
16958.5
21449.4
8617.1
15615.3
12804.4
2826.2
17286.3
28563.1
23018.1
9850.9
15219.9
8436.6
11356.6
25491.5
6711.2
9258.2
17332.7
15653.9
17290.8
10527.5
6107.4
12710.6
10567.4
23446.5
4709.6
11828.2
13474.7
16522.1
16226.7
14164.6
32832.4
17528.1
13392.2
19224.0
7386.3
19688.4
16801.0
11317.8
19415.2
22477.8
16580.5
11259.8
8478.7
28205.9
12715.7
13812.2
9221.3
22357.0
16648.4
8750.7
17648.0
7660.4
20257.0
9529.4
7041.8
15235.2
19348.2
15431.1
20711.3
15682.3
9967.7
7624.3
11354.2
22648.0
8975.8
23975.7
10187.8
21536.3
6374.3
26874.6
17706.5
14772.9
20175.4
25431.6
14095.4
18453.0
10647.7
10461.6
23584.2
20776.4
16233.8
15085.7
18426.6
14506.1
20227.0
10835.2
2683.8
9368.7
17035.5
4988.0
18474.3
24808.6
10906.5
11311.7
15567.8
21373.3
17020.6
9671.2
20714.5
12900.9
16596.4
11884.3
17748.6
2043.2
21208.5
10316.3
24102.3
17815.5
15454.2
5843.0
4077.5
17882.7
15758.2
23961.2
17486.8
9753.8
9324.6
14497.1
15585.5
14139.6
14137.8
12567.8
20297.0
8862.9
24922.1
19492.3
9818.6
7793.3
12362.3
13833.0
12147.5
7704.1
17871.8
11302.2
14360.0
24524.8
6831.2
31667.0
21401.5
16951.8
8439.7
9762.4
15788.8
17693.0
6226.8
14689.3
18797.7
18595.5
17654.9
22420.2
17490.4
10063.9
16048.1
12730.8
23210.3
12793.7
9260.1
26535.2
15672.4
15524.0
5124.9
11754.9
12132.1
16206.0
8849.8
21691.1
25479.2
11133.7
8117.9
24055.4
21200.8
15902.6
16371.5
24692.2
7714.5
29800.8
11665.3
25850.0
18656.9
22592.1
21788.1
26596.1
6743.2
17443.9
6263.8
17693.0
18733.2
12269.9
8128.6
7781.6
18537.6
8899.6
30178.9
5537.4
11954.4
4542.2
7128.5
6325.8
23114.4
10529.6
13718.1
23450.2
9837.5
21980.3
6597.2
16408.0
12562.6
19042.2
6974.3
15509.0
11690.7
11839.2
13559.8
18293.4
14670.7
11443.0
16372.0
25767.2
17425.9
16078.9
10151.1
13209.0
13387.3
22326.5
5362.0
18612.8
11604.8
11690.4
17123.9
22058.6
11073.2
9359.3
6181.8
3432.5
12249.4
25990.5
13385.4
10240.4
15347.3
25535.8
19124.8
12474.9
6460.4
12400.8
8450.6
15636.1
28644.7
4117.0
16423.4
12116.0
11688.8
28813.5
23908.0
12214.8
27567.3
17653.2
19470.0
18467.5
9979.2
12248.2
20672.8
15171.0
19626.6
15289.5
22213.3
14893.9
15500.3
4528.7
10635.4
25773.0
2777.4
19155.7
18909.8
20199.2
14889.4
9603.5
14556.4
14566.0
19099.2
16443.7
14734.2
22008.0
19262.0
8819.1
14318.3
26696.0
20851.0
17633.4
11567.8
12231.6
10834.8
11743.7
4571.6
25219.9
13384.0
17402.0
24775.9
12600.6
10668.7
14884.1
21056.4
2252.6
8447.0
11298.2
10684.9
12344.4
9180.6
18046.1
13058.9
8612.5
15416.3
6533.1
13549.7
15444.1
22850.4
17756.4
19720.5
6011.6
8638.9
20910.5
27506.7
5034.8
4888.2
20816.0
15857.7
10224.8
28121.2
7679.4
19997.8
3138.2
14940.6
10926.1
19087.4
20831.8
18340.6
6276.3
16961.0
11348.1
15926.4
13906.6
11065.5
4008.9
8668.5
14949.9
20164.1
15648.0
11645.4
12788.0
21711.0
12870.0
18067.8
9160.4
6469.8
12706.1
18288.8
20686.4
16502.8
15307.3
22851.1
8795.4
13865.8
19607.2
9790.4
9157.5
21870.2
11441.8
21567.5
12128.3
12016.6
28756.2
8963.4
11799.2
4849.9
6533.5
5395.3
17609.7
10485.3
13446.9
13394.8
21340.4
9552.8
20857.1
11969.5
14349.0
19427.8
12380.3
11247.1
4559.1
11142.9
20467.0
12218.8
5444.8
18835.0
15331.6
17306.3
21397.8
16909.6
24689.8
31140.7
9569.7
6482.3
13146.0
13013.0
15587.4
24107.9
14115.7
13943.1
28327.1
12662.4
21323.7
16298.9
8198.6
8352.5
12001.2
18186.0
9492.6
10710.9
9482.1
6913.0
16625.2
12314.6
8917.2
10653.4
7728.1
7360.3
22879.9
18352.0
21493.3
13442.3
4533.2
17990.0
15795.2
5256.7
16792.5
15866.5
11208.1
8470.7
18322.3
12965.9
7944.8
6480.1
11042.0
6122.4
12786.0
10321.6
14205.5
13368.0
22628.7
10427.8
11303.5
13169.3
16462.5
16439.8
19087.3
2827.8
23478.8
6383.7
26935.9
9567.9
14636.1
17453.8
24807.6
6009.8
14175.0
1204.7
10384.3
9343.1
15252.9
7267.5
9284.8
18144.7
17028.3
12101.5
13522.0
2257.9
13967.5
13864.6
14124.5
10785.3
19102.1
16626.3
10889.8
5781.4
20256.0
19566.5
32649.1
23471.5
13805.7
6552.2
9405.6
23163.3
29290.9
12647.9
23276.4
29133.5
21059.2
6012.3
12781.7
16007.6
26627.6
7655.6
13562.4
13377.8
8327.2
5857.7
7726.9
13542.4
14017.8
15882.8
22376.0
10216.8
29232.8
21387.3
15229.6
6755.8
15492.9
14545.1
13931.4
20696.3
17095.4
12824.6
10707.9
7686.9
11234.4
14472.2
21903.6
21500.9
12096.4
19308.5
20115.7
21738.7
5572.4
12016.3
4072.2
4904.3
12407.9
5959.6
20244.0
7341.7
8995.6
21452.1
23613.5
20279.6
19764.4
6109.3
18833.7
11002.4
17461.2
21098.5
8696.2
20790.2
13018.2
14417.0
2132.4
5412.6
26256.8
10099.1
9205.8
14683.7
15653.5
16376.1
15346.7
7530.4
11023.1
19320.4
2401.6
18241.7
11908.3
6026.6
20407.7
20679.3
12368.6
10933.9
13592.2
9162.5
10573.9
12139.2
26059.9
4941.1
11868.3
18358.1
25207.1
27593.9
28222.4
4391.3
5331.5
23022.0
20674.1
18664.0
13850.2
17133.5
13484.5
8242.0
6704.9
9640.2
12449.8
9223.0
15080.6
11972.3
10146.4
13329.7
3832.8
11385.8
12925.8
21902.6
15026.8
7045.6
5264.9
18678.2
21476.2
11684.2
26219.9
6431.3
9980.6
15116.7
10761.5
22532.9
11914.7
15546.2
7449.0
10173.0
16078.8
14104.1
13952.4
20536.1
8253.6
17066.5
13060.6
8345.6
20133.2
6334.7
14297.7
14958.4
25217.2
31816.9
12008.1
9209.0
10559.7
12318.6
8952.3
6189.2
6870.4
14745.1
23624.4
18132.8
11047.1
26769.9
11545.6
18094.4
35679.0
20646.5
11306.1
8905.6
11136.2
5747.4
24510.2
14441.6
16017.5
15309.2
18743.7
14402.9
16001.5
14539.5
6669.0
18897.2
18221.1
12096.4
16335.2
11039.8
11898.9
14457.7
20343.6
10431.7
12095.8
21853.6
25894.6
34554.6
9769.2
12546.3
21433.5
11400.0
4427.2
16016.7
13326.5
19671.9
13654.4
25766.1
10668.6
10349.1
20234.1
24453.0
14559.1
8799.2
6319.4
6243.9
15512.8
17921.8
29307.7
16243.7
14527.7
18423.9
14717.2
13530.2
4467.4
9214.4
24947.5
9874.2
17815.2
12082.9
4041.4
11390.3
12516.6
13641.7
8823.3
12348.4
10181.3
9482.8
18217.5
13265.5
10190.0
11381.3
14703.6
16294.9
16484.6
20386.6
10978.4
11058.0
14289.0
12984.3
20186.5
17538.9
17524.7
7548.6
12320.0
18277.3
16548.5
20849.0
4581.8
11228.7
7531.4
5841.9
28399.1
19833.7
13951.8
8865.7
7450.5
25905.3
15543.6
15182.3
12042.1
14935.4
10408.4
18589.5
9253.6
5536.2
5045.7
6265.9
12702.4
12795.0
15676.8
21613.9
10356.5
13667.0
16243.5
17171.6
9852.1
5575.6
13758.6
13521.4
10924.3
8629.9
10052.8
21747.0
20114.2
26425.5
8689.1
2805.2
9025.8
7609.7
17556.8
28896.3
11673.6
10684.4
8360.6
4579.0
19878.6
18022.3
2308.8
13933.6
9867.0
21753.4
24186.0
7512.0
5317.0
18076.7
19065.0
15152.0
19105.4
7798.2
20166.2
6794.9
7741.3
15722.7
8373.2
21955.4
8223.3
6770.8
6411.4
9717.9
21350.1
7831.3
14498.2
15706.1
19523.8
23380.1
15852.3
8909.6
9180.8
12972.2
10813.3
18279.0
16550.3
7215.6
3785.4
11354.9
9039.0
13924.3
11406.8
21753.4
18859.8
8486.4
16906.4
14293.4
8790.2
10981.5
6640.1
10144.6
16478.7
9259.9
19617.4
12730.6
16447.6
19714.6
12079.8
16921.2
13922.9
14053.5
20185.3
15699.9
22140.7
24848.3
15147.8
12261.1
17246.0
14323.2
15275.8
15942.5
18668.5
19775.7
11550.0
13461.1
13038.7
10436.4
14533.6
21078.5
12082.2
8509.2
17709.2
10282.9
19041.1
22545.6
17420.4
14761.9
12330.4
9708.6
8349.0
25062.6
3286.8
12021.5
14575.9
21075.3
22143.1
20486.0
21685.1
13717.7
15118.6
11955.3
16658.3
14283.3
8326.4
12531.5
18335.8
16585.6
9859.7
7592.8
11936.9
13803.1
9833.2
16031.2
16031.7
11027.1
29923.4
14299.9
9876.5
20295.0
12056.0
33409.8
18775.3
8458.4
13934.2
11732.9
6952.5
7057.3
11443.8
21135.1
11335.1
13310.4
25445.7
6260.3
11399.7
13217.4
11206.6
4119.1
6364.7
11648.2
19316.8
9747.2
14093.4
9984.1
13884.2
13518.1
19015.7
10442.0
14937.2
14308.7
12429.2
22770.8
12551.9
22265.7
6972.1
6430.1
13808.1
5711.3
34967.3
16785.3
30171.6
9479.1
15072.6
23865.2
10723.8
18124.5
15383.0
14984.0
24238.2
19303.8
14271.7
19505.4
19735.1
26330.4
20438.8
15443.5
24816.3
14294.0
21856.4
10750.4
11984.4
16564.9
11081.2
16665.5
12433.5
25337.2
14453.2
15856.7
18615.9
22211.5
14918.7
18971.2
15626.4
15476.5
22269.1
14893.2
15501.4
9057.8
22013.4
20089.0
14608.9
7010.9
13289.3
12042.7
13432.3
23664.3
18517.7
17365.2
19048.4
15819.1
20131.0
11753.1
10014.9
17838.7
10180.5
17327.4
17154.4
7780.4
17318.6
7361.7
13451.4
11880.9
9274.4
11059.8
17711.4
25002.7
21991.4
20973.0
10208.7
11211.5
18813.1
19760.7
6768.0
10779.4
6377.3
7282.1
22031.7
15351.4
12645.7
5366.3
14604.0
12155.5
16480.6
8437.4
7730.7
12030.2
1781.4
7519.2
9347.0
7648.6
20609.2
25980.2
19706.8
10490.1
5203.8
16908.3
6420.7
22023.6
20996.0
16576.1
17781.2
15363.6
10723.3
17768.2
10999.9
23809.3
7937.4
16835.3
21524.0
16959.3
8117.0
15406.3
12797.2
4777.3
13785.5
22635.8
19352.2
22115.5
12994.3
10919.9
14018.0
10309.7
17613.8
19927.7
17503.5
3631.6
8575.1
24554.3
8467.7
20992.8
20672.2
16419.7
21538.1
15882.0
10861.2
4488.6
20598.9
18035.8
14942.3
8393.8
10387.3
21018.1
19003.9
24318.6
21165.2
16778.3
12497.7
8005.1
11498.0
15523.8
6591.0
6204.0
20981.5
18120.3
10403.9
21171.3
21214.6
11887.2
7352.6
23432.8
10807.0
17457.6
8463.1
10436.2
15029.6
8928.3
7480.9
26117.6
7645.4
7447.3
12650.9
20294.9
16454.2
14681.0
19557.1
20019.6
9876.1
12563.8
4236.8
17546.5
21808.5
11719.0
13896.4
8953.9
8822.9
17454.4
20533.7
23720.0
14739.4
14401.5
13573.6
17206.6
20627.0
18427.8
7414.9
12821.4
14138.0
3887.5
23431.5
16381.7
23248.2
21206.3
11470.2
3871.0
12302.9
11525.6
12821.4
14913.2
15302.9
25926.3
10555.6
5743.4
32322.0
11065.2
12597.7
12023.6
8989.6
18486.5
7135.2
21218.3
5323.9
25514.7
11465.7
19814.6
2819.7
24970.2
8146.3
8410.9
14359.5
10451.3
23715.4
19610.9
12010.8
18046.4
8816.0
16901.2
20916.5
8148.4
15647.5
4017.0
14218.2
12090.8
15330.6
18579.8
4721.0
15408.9
28535.1
19351.9
25034.5
12977.6
18704.3
28635.5
19691.1
12376.7
9163.5
18185.9
19519.2
13687.3
17220.8
14841.6
9101.1
19897.7
16153.5
11751.8
13896.3
9797.0
10023.0
8105.0
15648.7
13261.6
10669.7
7406.5
9081.8
12955.8
3962.3
14070.8
22471.4
16727.5
25538.5
14606.4
14704.5
20527.1
13395.3
15342.3
24153.1
15624.5
19869.7
13301.9
12534.5
18344.6
17060.5
7836.0
12491.8
25395.3
16064.8
6646.9
14682.8
6181.0
4000.8
14255.5
31157.2
15252.3
12170.5
5742.7
14640.1
6187.2
9021.2
10220.5
15681.1
8964.1
23073.4
24065.0
13984.4
13796.5
19128.6
12414.0
15171.9
7307.9
9847.7
5214.9
8554.1
23868.1
9441.6
5376.9
18792.7
21670.9
13509.1
5287.1
16719.0
6222.7
10444.7
17490.5
10144.4
18692.6
10257.1
11100.7
14155.2
19385.9
2911.3
25363.1
9800.9
18879.6
6802.8
12286.8
21877.5
11743.3
2231.1
7191.7
27288.0
17747.0
21291.6
12362.4
14807.6
22736.1
14661.1
9417.5
9497.1
11759.5
13569.0
8910.7
13407.8
4824.4
18877.8
14115.1
14465.8
15457.9
5442.3
11894.6
20831.5
12619.3
12121.6
11461.6
17694.7
21276.5
14142.1
9051.9
8790.4
17128.2
26959.2
4933.8
17283.6
22226.7
17758.5
13147.4
15951.1
14400.2
14742.7
29491.3
12683.5
11792.4
8969.1
25333.5
26780.6
16197.2
17096.4
12931.3
17891.0
9569.4
23357.4
20013.5
25402.4
14789.4
13623.0
18513.7
2778.4
8530.2
18426.3
17892.0
3763.3
12008.4
11635.6
11094.7
16911.4
24637.0
6141.3
13977.1
18583.5
12297.6
11071.2
21549.3
4188.4
6529.7
11481.7
7383.7
13770.3
11867.5
11561.7
18097.6
9895.2
15926.1
19328.0
10226.4
15657.2
22631.7
22023.0
25295.6
12568.6
5682.8
7327.7
12084.3
9238.4
21727.2
8575.9
12433.6
6411.4
16701.1
4450.2
12481.2
9833.6
21622.3
12606.9
7869.2
10546.0
16607.3
13747.8
7444.9
18145.1
25411.2
8922.6
15605.7
11042.5
14879.6
8690.8
10062.2
6555.9
11338.2
14856.7
11077.3
11505.9
17964.3
5902.8
14291.6
12761.1
17535.3
16298.7
11769.1
7686.5
18424.4
35925.7
18532.1
16271.8
19258.4
24342.8
21449.8
10962.9
14584.0
5506.8
20520.4
12822.8
21591.4
22501.5
14138.7
11549.1
8810.3
14262.2
6316.3
15757.8
7787.6
13645.9
4076.3
6348.6
11152.4
11749.7
18719.3
6596.6
18961.5
5349.7
16717.5
17600.3
7580.3
12486.8
17329.6
5231.5
11804.6
16067.8
22421.1
8401.5
22372.5
25348.7
5855.0
12438.9
12422.6
15812.5
3944.2
13847.1
21328.6
14040.5
11480.1
18239.1
21480.6
22828.2
9382.0
13476.0
12014.3
9686.0
9527.6
20474.5
10231.8
20626.6
26956.0
12023.9
19638.3
13473.8
11162.2
20771.3
17406.1
9365.2
16317.0
21041.5
6932.5
3270.0
3009.3
18015.6
16574.6
6097.9
14064.9
3185.8
5217.6
21188.4
15596.2
21609.4
7808.6
8186.6
18435.7
9202.4
8941.1
23615.7
12601.1
10432.5
21536.2
4748.3
15680.9
5341.0
7237.7
10597.3
8296.9
8763.8
7141.8
21236.2
9885.7
19306.5
15168.5
22792.3
8204.6
8025.7
11487.6
22551.1
14333.8
10142.3
19627.5
9112.0
8826.1
8611.3
20306.9
12794.4
12134.6
7019.6
19638.9
29419.3
17656.4
6841.0
25228.1
21064.0
16005.6
6309.4
30626.6
10695.7
16485.0
19192.6
3543.5
15149.9
29676.7
12111.9
8241.7
9836.1
6710.9
16515.2
25544.2
16319.2
13907.6
5355.7
18597.5
21705.3
19396.7
9567.5
11673.6
23034.3
8524.4
16107.4
11425.3
14167.8
5363.7
13822.9
21164.6
10088.7
11654.4
14165.7
6240.4
11575.9
14801.0
18956.9
15922.6
15002.9
12145.9
13778.3
12895.3
12697.0
13129.2
19279.1
29060.4
14297.4
17281.7
9653.0
10655.5
6031.6
28602.8
17280.1
21818.9
14091.0
15576.7
15416.9
18255.0
7800.2
5518.1
10175.9
35854.7
5503.2
20263.9
15331.5
18218.2
12670.0
19794.5
21906.6
7644.3
6545.1
14261.4
9832.4
17770.4
10543.0
18685.3
9766.7
18215.4
7433.6
7359.2
5816.3
12425.9
9678.0
20835.2
7826.1
16283.0
10966.8
7844.4
17706.7
23316.5
13496.2
25726.2
8586.2
23694.2
17993.2
28659.6
12738.8
14190.0
18861.7
6304.6
18028.4
9142.6
16199.8
17892.5
16094.5
17180.1
12087.2
17573.4
19556.9
9552.0
10622.7
7162.0
13610.1
8046.9
11120.7
10324.1
18784.9
9358.9
22067.1
9476.0
17568.2
8558.7
18493.1
10874.4
13065.3
5409.1
14202.0
9807.2
5759.0
9030.6
13726.7
10162.8
12129.6
10882.2
18481.1
17270.6
9097.4
7617.7
19274.2
7831.9
11406.9
24021.7
14154.6
14451.7
14141.1
7232.4
15230.6
23172.1
10322.9
11031.8
12286.3
12431.7
16683.8
12932.0
21003.7
21274.5
9593.8
15405.5
13112.7
10585.5
12985.6
9233.5
23034.7
7854.9
13215.2
16356.6
13613.5
11564.0
19546.0
9292.7
14437.1
4750.3
24154.7
6005.1
6703.9
14283.3
21844.4
17066.1
10403.7
11687.1
10366.7
11161.0
23503.2
15158.4
19535.1
14401.0
24614.7
17301.4
17687.8
13849.0
12789.5
15444.1
19841.6
20687.9
18680.5
19309.9
16817.6
3717.9
16727.3
9215.4
8845.4
20632.8
25333.5
10324.5
12339.5
14254.4
16799.6
12541.2
9989.5
19262.7
12638.4
16736.8
12493.5
6133.1
16310.3
23838.8
15301.9
11054.4
7948.5
17175.1
28352.2
20719.9
5719.4
7407.2
13103.5
10869.9
3716.4
13586.7
25328.5
14383.8
19311.0
3960.1
4292.1
11712.5
7774.7
8578.0
25915.4
6189.7
15228.6
5401.4
18670.8
17312.3
13620.6
4959.4
16515.4
20275.2
9142.2
8838.2
14813.8
6573.5
17956.9
21950.0
9685.8
22513.5
20269.9
12496.0
7064.2
14310.0
10826.1
18955.2
21729.6
9666.1
9586.3
24149.8
5349.4
16106.5
14377.5
8015.8
11064.4
10849.6
9543.4
10620.0
13788.0
7084.8
8945.1
9817.8
10778.2
10656.2
16758.3
9996.3
13361.5
17333.0
17457.2
17699.3
3899.0
13237.8
15807.9
15588.7
20694.0
13877.0
7685.1
14334.4
7994.9
10073.5
25527.7
27716.1
14517.4
18292.8
2888.1
9576.7
12349.2
22026.8
11451.6
18892.4
6384.6
20012.2
17961.2
12632.1
13659.1
8552.6
9642.7
10092.7
6086.9
3748.7
10842.3
18392.7
9905.7
22323.6
24480.9
16408.2
28406.3
16284.6
9370.2
12083.2
13632.2
17502.6
17175.7
14801.0
12568.2
23422.9
20885.7
11088.8
23656.8
18688.8
8080.4
16024.9
17815.2
7738.1
17583.8
15489.6
13790.8
4018.9
13616.8
14743.6
18250.2
10538.0
16862.9
24688.9
12964.0
17376.9
19276.1
7351.7
20702.8
25685.9
6493.2
13514.8
23144.9
16964.3
8861.2
5751.9
15348.2
21281.0
4995.3
15325.2
10962.5
9935.5
28014.3
16570.8
21916.6
17851.8
6582.2
8527.7
5940.4
20928.6
20027.0
11577.8
10958.8
5997.2
17266.8
17593.6
5083.6
17159.7
30582.8
16512.1
19410.3
6379.5
19203.3
9662.3
25270.5
7343.6
10358.0
18523.9
24745.3
988.1
18136.5
6627.7
24757.9
18843.2
21743.5
11715.3
9397.3
18734.4
18495.7
11314.2
16195.8
19825.8
14529.2
18213.4
23317.8
8299.7
19516.3
8363.9
31384.6
16445.5
21883.2
10556.4
7827.0
24307.8
18637.8
24826.8
22143.8
10831.7
14091.5
16589.6
10564.6
7478.8
16909.4
24315.9
17114.6
17659.2
22349.4
12067.9
25052.6
3647.2
24241.9
2801.2
20161.7
10792.6
14395.9
11791.6
19652.1
12345.4
18376.5
11801.6
15110.7
19966.6
9095.9
14692.6
6733.6
28183.7
16905.9
19782.7
12691.7
20182.7
15141.0
1756.2
15479.0
5590.3
15877.3
19304.5
8810.7
11453.8
21585.2
6289.4
5551.1
16456.6
5248.5
18705.7
21498.3
8142.3
23641.8
13200.7
8251.8
12154.6
9883.7
10006.4
20791.8
15889.4
24103.6
11148.2
16320.1
27204.1
12752.0
10656.2
8574.0
11325.6
21402.8
16772.7
13276.6
4315.4
24167.8
10655.5
20101.3
22569.1
6859.3
35502.3
18417.2
13919.8
9124.9
13082.1
20003.9
23177.4
7339.8
10618.5
14117.0
15440.6
26714.0
18934.1
9139.3
13461.2
21770.3
19595.0
8007.8
31325.5
21452.0
11159.2
28838.2
23396.9
13143.0
4716.4
17970.5
13390.4
6808.5
16838.0
11603.8
12096.0
20705.3
32510.7
12821.2
11237.8
18477.2
16980.5
7056.5
23577.8
21291.6
14629.1
18297.0
7745.5
23537.3
7122.7
9169.4
10483.1
17199.3
18586.9
20145.7
17053.9
10905.9
13241.8
11697.1
5789.8
17981.7
10393.5
15330.4
26534.2
15709.6
11209.4
8539.2
12478.3
12229.2
20099.1
18037.0
16154.2
14381.5
19168.6
15180.2
15787.1
26111.9
17511.1
11072.8
15444.8
20715.3
6333.0
20731.1
14650.9
17260.5
13178.4
9715.3
17230.4
6753.0
6704.2
14952.6
12086.7
11575.4
9693.2
24774.5
20573.9
14986.7
21520.8
14258.9
7416.0
19014.4
10300.3
25083.8
26306.5
10364.4
12428.4
15262.7
10210.1
4662.4
28058.2
13451.9
8686.9
13095.8
15649.0
8606.6
18330.1
7122.3
9059.2
18699.1
18622.3
14743.3
24263.2
10223.6
27010.8
19258.7
15353.2
15528.6
5890.1
13892.2
18369.6
14245.3
13312.7
15463.0
12492.7
7465.1
9501.8
11495.2
10528.1
3640.8
12419.7
15453.5
10967.2
12847.7
13002.4
6833.8
16389.0
11084.8
14658.0
20058.1
9529.9
14656.2
20001.1
15149.8
19980.2
15521.9
6168.8
13990.8
8621.2
13789.2
15167.9
29301.6
27905.9
27623.3
12501.6
15250.5
5998.2
11579.6
13190.4
20548.2
7189.7
6778.3
13099.2
15273.5
16655.9
16539.3
18751.5
20550.2
15244.2
23476.0
8174.5
15644.2
10785.8
17986.9
11391.8
15644.0
9322.4
8480.6
8966.5
16786.4
20697.4
19578.4
22761.9
12643.4
9626.4
30479.2
11569.9
12786.1
16743.9
7777.4
6315.3
12296.9
9973.0
6539.6
19507.6
13087.9
25282.1
13474.4
13477.0
12850.5
24226.1
21715.7
14840.0
21028.6
15110.3
13454.4
21850.8
21372.2
4164.3
4715.0
13021.4
12441.6
15386.8
20099.4
16480.5
16240.8
5280.7
10965.4
15622.1
10223.6
17512.6
13629.2
12359.0
11057.6
11752.1
18285.1
11613.0
22903.6
27117.7
27519.5
24654.0
8317.3
9979.7
16250.9
17517.0
12950.9
25402.5
19753.6
8525.8
8822.8
11549.5
19249.0
7997.8
14923.4
13039.3
5863.2
14786.5
19275.0
18625.1
15977.1
16810.0
3410.2
5019.5
10599.8
14897.3
18955.3
3444.5
26254.0
12458.2
25934.0
27510.4
24910.0
13016.7
6854.7
3673.6
5034.3
12518.2
7937.0
19620.7
5730.1
23707.9
13003.4
17608.5
20877.6
20806.8
16952.2
16935.6
13532.4
12489.6
14898.7
19974.3
13274.4
16046.9
8506.8
22710.3
9792.2
17786.4
13947.5
22289.9
16656.8
8466.1
26386.0
14776.8
8802.5
16808.1
9861.4
2738.4
25620.8
10168.0
14024.4
13770.7
27430.9
22011.6
12254.6
10679.6
8770.9
21122.3
12037.5
18003.8
6026.3
9205.6
12387.0
10635.3
8329.5
25291.8
7492.3
11257.9
9825.6
20556.7
26233.7
7523.8
12429.2
20650.6
12397.0
9133.9
15640.4
17987.7
8645.8
11179.5
21169.5
9906.7
4440.9
14312.2
18385.9
20057.6
12630.1
18244.8
9387.9
16390.4
13317.5
14476.7
23927.7
11951.9
13112.1
10250.3
13758.8
19769.1
18027.7
21391.4
17515.4
9151.2
1295.2
11229.4
13320.8
11297.9
13191.2
22072.5
4550.1
10830.5
15033.3
19321.7
15935.3
15886.7
15098.5
17456.8
22766.8
17512.5
23189.5
14053.0
11641.0
12101.6
17162.9
35628.9
26537.6
15173.7
16585.6
15707.1
17184.1
15727.7
7156.8
10964.9
10630.4
22175.1
20205.6
19028.4
12485.8
12445.5
6779.2
28149.8
9747.9
11401.1
4206.4
17062.2
2430.7
17967.9
20967.3
22826.1
25488.8
21796.1
8001.7
3507.5
4786.4
6255.2
7730.0
9376.3
9071.5
12908.4
12772.3
21466.2
14110.0
10534.1
8423.8
6815.7
16698.7
8531.8
27997.2
13040.3
11191.2
14016.6
12574.2
9591.5
9009.6
3906.5
8120.8
10134.4
15159.2
22604.6
22994.7
12891.8
6683.9
18325.0
16611.0
8879.9
10368.7
23617.1
4924.0
16836.7
7722.9
9000.0
8785.0
18189.1
35536.1
15842.1
15802.4
25917.9
3494.5
9864.3
15552.0
18162.6
3924.7
10598.4
10137.3
13668.5
29824.6
12167.9
25395.1
11026.3
8587.5
23404.2
10266.0
23133.7
20958.6
5702.3
21575.8
23526.2
12921.7
18232.8
13772.5
6670.1
18702.5
11094.4
16001.4
14521.7
7262.8
5160.3
10925.6
6310.8
17308.3
6090.7
7808.9
5502.5
18223.1
12241.6
15905.5
16795.7
16121.4
19006.9
27859.3
11020.6
8195.1
6841.0
21831.7
9264.3
26911.1
26392.5
14910.9
21852.0
9069.9
16014.6
17271.7
20669.4
7694.7
17828.5
6505.5
25566.9
21957.5
8729.1
6331.1
15187.4
17391.1
19582.1
6898.8
20898.1
6390.0
11422.9
8705.9
16524.2
24056.9
10010.0
31176.5
8141.2
10470.4
13578.0
10516.1
10889.2
13841.5
9031.0
11423.6
15912.2
11232.4
13415.5
9691.3
6056.9
10430.5
16879.2
19454.4
16700.5
17318.7
17826.1
28579.5
9495.6
15307.6
10065.1
11305.0
9226.8
8124.9
9806.0
21039.3
17933.9
12689.9
22654.4
14797.8
16768.9
19524.3
4161.6
32479.8
7078.8
9430.9
5086.8
23932.2
19313.1
15861.2
9974.6
13941.7
24466.3
7279.5
16154.7
19861.7
11590.3
15950.6
15524.6
6573.5
25355.2
8628.3
10363.2
10151.5
17641.1
9388.3
7720.6
36675.3
29266.7
22420.0
25334.7
11746.5
6876.6
17653.8
12498.4
19877.7
8858.2
15627.4
19440.3
1996.9
18202.0
6193.1
13526.3
17894.9
15757.8
21544.1
24091.2
13209.1
14735.3
3076.8
18021.9
16907.1
16976.1
8868.8
11910.6
12218.1
9277.7
13478.8
11466.8
20018.7
9285.3
21834.4
28516.8
18258.9
17438.1
17118.6
10815.0
24873.7
11348.4
7261.8
14130.3
9459.9
20463.8
16925.4
22927.9
11863.3
11091.4
20235.2
20843.8
5702.8
11203.7
9874.7
18310.2
23251.9
14081.1
29508.6
11253.4
10210.1
15398.2
14611.9
12705.1
5465.6
32092.7
7553.0
9179.6
11589.8
14306.5
15619.5
23261.2
16971.9
22105.3
17135.4
11364.4
17538.9
25211.3
17145.8
5900.6
11726.5
15211.4
10936.8
6313.2
15593.0
14304.6
20505.4
5967.0
22058.3
15927.9
24188.3
18575.5
14055.1
11822.7
23913.7
7766.5
20436.0
22421.2
16632.1
10222.7
25497.1
14597.5
10907.4
24560.0
24470.2
21710.3
21732.2
3297.5
11939.8
12113.7
21091.4
17666.6
4746.0
11690.0
4361.9
17274.0
10563.4
12794.6
21861.7
14678.6
21734.1
16359.4
13015.3
7245.5
19957.8
16660.5
19301.9
24881.7
19697.6
19458.6
23032.6
20753.2
17215.7
8497.5
14552.9
15613.0
10362.4
13162.4
16595.7
6713.5
9568.2
18858.2
7779.7
9994.3
19737.3
15732.9
7124.0
7643.4
17823.5
15208.4
16104.4
25581.1
18953.1
14007.9
4479.9
31608.1
9465.9
8952.6
14673.9
8466.2
13845.0
18261.1
16772.1
7749.4
10903.7
28766.3
11214.5
8080.5
11269.1
16035.6
10742.6
25142.6
3949.9
16499.4
19056.2
7766.7
13915.8
18891.1
14930.1
14425.5
21167.2
12871.8
15182.2
6986.5
14906.2
13746.7
20743.4
22462.6
12101.3
10855.8
20353.0
12303.7
17922.8
18535.6
21060.4
2648.7
18185.1
12902.8
29955.0
10983.1
18103.0
11482.4
20626.7
18939.4
17826.2
18696.9
12225.8
17356.0
15212.2
6312.9
12245.4
17738.7
21409.5
9392.9
5884.1
23552.8
15819.0
14929.5
3710.8
13254.2
14749.9
8285.8
10911.1
15747.8
15642.6
22500.5
23665.6
19906.2
26810.7
10708.4
9778.3
15549.8
10359.1
9515.7
31188.4
9842.1
13494.8
21705.3
15134.0
13696.0
9366.4
34341.4
14550.9
16817.2
18380.3
13683.3
16388.3
6816.8
19395.8
14915.1
12522.3
6183.5
11818.0
10475.1
17818.9
13107.0
20339.8
20202.0
13741.6
14314.0
6809.2
12928.3
8840.5
17559.1
8558.6
16333.7
8045.5
9858.4
7629.8
19610.5
11057.5
20378.4
14762.6
6657.1
22795.5
12277.3
12995.4
13871.4
18382.4
13581.9
13362.3
16105.0
10221.3
11947.7
19073.4
18809.6
7078.4
11244.6
15084.7
13065.9
11665.5
6749.6
12755.8
7308.9
18114.9
11699.9
14288.3
12100.5
13028.3
9596.9
17335.7
6185.1
11320.8
18334.1
15544.6
19388.7
10730.4
8222.0
14957.7
6813.7
16357.4
20149.6
7807.7
18323.5
15530.5
12165.9
4892.0
16604.7
15463.0
8288.2
4140.6
16600.7
12474.8
6862.3
25030.4
13155.5
19974.9
15024.9
20858.9
14406.7
21431.4
10561.8
6532.3
16999.3
6331.3
13346.4
9132.1
20146.6
18048.6
17175.1
20926.8
17672.1
18176.3
19104.7
10707.4
14015.6
38007.0
17757.8
11485.6
5993.5
13206.5
17719.4
29434.7
19282.9
2043.4
6166.9
12084.8
12887.6
19562.6
11796.7
20191.6
17150.1
13317.3
10865.3
8561.5
15773.6
35335.8
17721.6
22675.3
10181.9
8205.8
20080.8
24895.5
15225.3
19474.7
9171.4
10465.5
13280.9
12537.0
6248.4
17593.8
12272.1
4746.0
13631.6
16429.0
17507.2
15963.6
21678.3
7873.8
10405.9
20556.8
25762.0
20694.5
21690.9
9450.0
8138.1
8582.2
13598.2
16215.2
18005.4
17287.3
20437.0
26699.2
10211.6
12937.0
31093.9
19182.0
12690.2
10908.2
18555.5
6527.0
17398.5
8956.2
15557.0
26042.3
4991.6
5260.7
10461.9
9408.7
13697.1
15769.4
15115.9
14465.7
7131.6
13711.7
14532.9
15076.1
11571.4
20953.6
3435.6
14689.0
4241.4
16412.5
17025.9
19849.6
20619.0
11219.3
15721.8
22993.7
14383.8
16301.5
12423.1
13330.5
25240.4
10548.4
8482.3
11848.2
22206.0
6016.2
22480.6
6322.4
20743.8
4045.0
13010.4
27178.9
9657.6
8343.2
19015.0
3324.3
13389.9
23286.8
10813.6
10701.3
15160.9
12025.2
23048.4
9695.4
13481.7
13864.7
18106.4
6136.1
8020.0
13612.8
14738.2
9755.7
21182.7
26590.7
26209.5
25851.4
14880.0
24104.9
4646.4
19529.4
20711.1
30400.9
27533.3
6308.0
12871.7
15728.3
12401.6
12286.1
12142.7
3805.7
18108.2
12833.8
7802.3
15211.4
9791.0
12192.5
14090.3
9529.2
14009.7
12125.4
13099.9
19054.5
20261.6
11592.5
17332.0
11057.0
8555.1
15472.6
7110.5
16699.8
16153.0
18016.4
3435.9
7975.3
28798.8
24596.6
1889.9
9061.7
10630.0
21908.3
10478.9
6225.6
9806.9
7351.3
11895.4
12292.1
22685.6
19952.0
10754.4
15765.0
14192.2
28745.3
6703.6
13502.7
7997.8
10778.3
11624.7
16206.8
24075.5
19235.6
7519.4
22743.3
14200.7
8320.7
15315.5
25946.6
22686.0
11856.8
20202.7
6818.7
15182.3
12047.2
12776.1
15929.0
12749.4
12777.7
13254.6
26202.6
20517.9
9219.2
11968.5
11188.0
4451.4
12682.0
20286.5
9993.8
16341.6
18032.7
15186.5
22250.4
14140.4
17413.8
15189.3
19441.2
13322.7
21831.0
14644.8
24646.4
17284.2
9408.6
16613.6
11145.9
11354.3
9646.0
19896.7
18221.0
7045.0
10793.6
8430.6
14667.3
18431.9
16745.2
6400.1
14587.9
11655.6
7636.4
14370.0
16895.1
10537.2
15748.1
8155.2
22286.8
14794.8
6071.8
16155.6
4897.9
21129.0
16402.4
18198.1
15994.8
29365.6
13699.6
10303.0
23529.6
16407.0
27437.5
34819.9
22819.9
1500.7
12544.1
12307.8
12653.1
13194.5
8446.6
16640.7
9516.8
5846.8
12046.7
15205.0
3830.9
14961.3
8865.8
21506.1
15769.3
18680.5
15757.1
21947.3
24236.3
36163.4
12060.9
10965.9
26020.2
35457.6
7486.8
9652.8
12379.7
16826.8
17082.1
14475.5
10769.9
12878.4
11208.8
16249.1
12858.6
8807.3
20709.6
27482.4
11201.3
9713.1
12833.4
16949.2
10671.8
10345.0
22385.6
15429.7
13962.3
2357.9
11976.7
21709.2
15491.8
12052.0
19897.5
18152.6
19652.4
9541.2
18328.3
13920.6
5023.0
8962.9
19098.1
20498.2
31563.4
27429.8
13479.1
3252.3
12009.1
11104.6
13004.0
23014.2
10207.4
15608.5
20375.9
6711.9
13527.5
23729.8
13383.7
12684.3
21073.1
4536.2
8081.3
9310.9
11612.6
13884.3
4966.4
15507.2
8215.7
11610.7
11096.6
5771.8
15031.2
14919.1
26231.7
19315.0
1564.7
11504.8
12944.1
9182.5
11802.5
16349.5
11899.3
6855.2
13107.3
3443.8
15998.3
12087.5
12670.6
17567.4
14159.4
11417.2
11288.7
13649.5
11081.1
7639.0
15213.3
16601.7
8369.2
13810.8
22805.5
14035.8
20564.5
8648.9
18467.2
5020.0
21591.5
16377.0
21581.3
13665.3
23181.5
21977.5
9050.3
14550.1
9450.1
20911.2
12958.5
15415.6
9866.8
6106.8
6953.3
14503.2
19655.4
28669.8
5576.3
22309.4
3276.7
7402.3
17799.7
6458.2
15462.7
4390.9
7953.7
18139.1
21782.4
16582.3
4591.4
10460.5
14064.0
11880.4
11042.6
18186.3
30193.3
29587.5
14520.0
12538.8
16046.2
11966.8
10594.1
3510.2
11801.5
23925.0
18635.0
26815.3
13719.6
10641.7
14176.6
23148.2
5652.0
10115.5
28767.2
15045.9
8919.0
10222.4
22808.7
18921.3
8226.3
18727.0
19163.7
13344.6
11965.5
13031.5
8841.3
20910.7
21294.0
6450.5
15066.3
16931.8
5723.6
11838.4
14839.1
22051.4
13332.6
6739.8
19185.8
22311.3
9004.0
26755.7
16356.3
14700.9
10773.2
19077.8
9587.2
19336.2
26949.0
9959.6
19381.7
15515.6
18711.1
20002.5
9744.0
15851.8
8764.6
16476.0
10657.7
16671.5
20454.9
10677.1
13334.7
19054.5
21572.4
10375.7
21327.2
16023.1
6481.7
23231.4
16541.9
13980.0
7021.8
10355.9
14222.3
13146.9
7513.8
11657.1
20881.0
21632.5
9048.7
30469.2
13475.6
15919.6
26654.1
9073.6
27706.1
12330.7
20250.5
9839.4
6533.2
9902.0
3730.3
13294.3
10696.2
19738.5
9915.7
20781.3
7550.6
21691.5
14060.4
14717.0
10970.7
19099.3
9406.7
31142.1
16487.5
7187.2
13009.7
19206.3
12549.1
4945.1
15552.9
17595.1
20578.3
25988.6
7388.2
10432.4
18797.8
7892.5
12712.5
18046.6
14523.4
19009.7
12399.7
15728.8
11454.9
13314.1
5054.6
19257.5
7894.2
11109.5
14693.2
16441.5
17804.2
14771.1
9537.9
15481.3
4239.0
18075.7
9535.5
16695.9
7870.8
6512.0
7131.4
29569.9
14890.3
8421.8
10703.2
9551.1
14605.8
4718.9
22978.0
14763.2
13957.2
28158.4
9649.7
5205.8
13780.1
13106.8
4706.8
14053.1
15104.3
14088.1
10717.6
14265.4
16451.3
10061.7
20702.7
15049.4
11028.3
17360.6
24554.7
16620.0
8165.4
22936.4
8819.3
5909.5
12124.4
18957.4
18428.8
2385.0
8865.6
16613.1
18108.5
17623.4
5836.7
19921.5
16480.1
9208.4
10665.7
9786.4
5879.7
14405.5
12494.2
8956.4
17435.2
12310.5
19802.4
20094.8
5811.5
23879.2
21352.5
8938.9
15169.0
10752.7
11885.1
8252.8
9915.6
14392.3
13700.5
9592.1
14053.9
13024.7
21705.4
30708.1
20377.0
15671.8
14221.2
14876.3
20440.6
14878.4
14023.0
7886.3
11154.8
14783.2
12891.8
22403.4
14902.7
18947.1
9252.5
5936.1
6213.9
10534.1
11721.5
20108.7
23342.3
19845.8
2639.2
25666.7
21005.4
21437.2
20917.3
20364.9
19031.6
9598.4
20896.0
11849.6
9228.0
11201.2
22951.7
11443.0
24925.1
6090.7
12088.5
7324.1
4046.7
11421.3
15343.1
26867.1
11329.1
19984.1
9019.7
30329.4
15863.2
16356.8
16372.2
15783.4
9814.3
19093.6
11976.2
6555.0
24434.4
25900.2
13972.3
8845.5
22551.7
9733.5
9921.3
17764.2
7915.7
20299.3
12998.0
20979.4
16450.2
6320.3
14163.4
12007.9
10698.8
10579.7
20208.5
13160.3
22303.6
13787.4
27318.5
17060.7
13634.5
21815.7
18418.6
11441.6
12763.6
10745.3
7650.2
14488.2
12795.9
16080.4
15452.4
23140.1
10574.1
13370.7
13539.4
16598.8
16590.6
10534.5
20817.5
19199.0
7323.6
22871.0
34766.2
6840.0
16498.7
7138.4
12349.1
11127.8
8506.0
10325.6
16650.3
4434.7
12383.3
10535.0
6106.6
26153.6
13947.0
8942.3
8360.3
17027.8
18038.5
13653.5
17869.6
16200.4
15644.9
3652.8
13953.4
10292.7
12089.5
32143.2
28513.7
20638.1
9904.7
20943.2
9164.1
10067.2
17852.2
25917.9
15073.3
15421.2
9674.8
6529.1
18746.6
15614.7
10390.9
12856.6
14152.3
8014.2
8392.6
8803.2
16724.3
14120.0
12788.9
9170.4
13189.7
19301.3
21090.1
22497.3
15790.5
6216.5
31682.0
11332.8
13518.3
11883.3
15015.4
7660.8
5066.0
8009.2
22145.0
21792.5
15450.8
6650.9
8283.0
13057.7
1147.2
7153.4
18606.6
11509.9
12438.6
25392.7
28070.5
10827.0
6370.8
16118.3
14446.8
11112.2
12314.5
3927.4
18041.3
18522.5
10509.0
17070.4
17846.1
13638.7
8228.6
11452.8
9621.7
12166.3
8291.4
13162.3
32488.2
11286.5
21542.0
10537.5
27563.0
11335.5
17181.3
12907.0
16607.0
20784.3
14510.3
6439.4
21823.1
17743.6
16391.8
14044.4
7135.5
13175.6
13084.9
5874.8
5973.9
16306.6
18907.3
18804.6
17036.3
10803.5
5627.6
7949.3
17991.6
13839.3
23152.8
10495.3
11341.5
10217.2
16000.0
17861.8
7756.8
4491.9
2158.0
16670.6
14340.7
8424.1
17752.8
15192.0
10203.7
17449.1
9346.4
9671.6
14244.9
17075.0
10373.0
10290.2
6982.0
4865.1
15416.5
13090.7
30843.5
19962.9
3886.4
19100.8
22329.8
4864.8
27547.2
13683.2
19543.6
19555.3
12632.7
21685.2
23447.7
23446.5
5185.8
22323.7
3888.8
20326.2
9543.7
14942.4
26318.3
14779.3
13090.4
7577.1
7803.8
17412.8
18182.3
11791.5
15258.8
17487.8
23172.0
8249.5
13747.9
26355.2
11013.5
21116.8
10444.4
10225.1
9881.4
12732.9
26409.9
7318.8
19081.3
24125.8
20744.0
9856.9
19098.3
10574.9
8902.3
17830.2
8286.0
25873.2
16370.9
4987.0
10874.5
8643.0
23285.6
14588.7
14813.7
13904.5
18127.6
12435.2
6612.0
14066.5
19091.1
15161.8
18341.9
20806.0
5760.4
11515.7
11923.6
14840.1
29967.2
6410.0
16340.8
16570.3
18353.4
19910.3
8546.3
12463.9
23678.6
15390.0
8675.6
15857.1
14842.7
9373.4
8286.9
14054.8
4784.7
22486.6
18746.7
24073.2
19196.6
25363.2
15367.8
11186.0
6812.0
16476.5
23635.7
5251.0
14131.7
14787.4
19625.2
8122.3
9363.5
5297.8
7560.2
12787.3
21615.0
14190.6
18082.8
19096.1
19117.6
20734.4
23050.2
15291.5
5364.0
15730.6
18268.6
13398.9
13141.5
14924.5
9181.3
11333.4
20129.2
8118.2
10349.2
15311.7
17763.8
16173.1
12300.6
36593.1
13345.2
13309.7
9597.6
19847.4
15835.9
9525.3
13149.8
13933.2
21650.0
13744.7
8672.6
20931.1
19218.1
2927.8
25594.4
7496.4
16791.2
12903.0
16737.3
13764.1
15102.8
12846.8
10238.8
13669.1
5148.0
16506.8
14815.2
15465.7
9009.2
7979.3
6813.2
18904.1
10882.0
11973.2
5649.2
15867.3
25032.1
7920.4
16715.1
6997.9
20950.4
22845.5
23679.7
19751.1
13242.8
17284.0
15487.8
14215.9
22343.7
8446.6
7886.1
21154.6
24572.0
10783.4
17065.7
16061.7
13890.8
14849.8
9242.1
8151.5
12257.0
19613.2
9780.4
15231.6
12986.1
11667.8
14278.9
17661.9
11998.8
7698.4
8575.0
15576.4
10550.3
14220.2
17628.6
12487.6
17402.7
13469.8
14121.7
14863.3
19522.3
18783.8
15014.3
23694.9
11266.3
15604.9
9192.5
12470.3
7940.9
5679.1
8664.5
17984.1
12243.8
6458.8
17466.5
16169.4
4043.5
20138.4
16380.5
8775.5
18231.3
10792.8
11891.6
23217.4
24806.0
17067.9
17123.5
7445.4
22937.5
12540.4
14182.4
7963.3
16210.5
24184.9
12116.2
8178.6
5236.3
20193.4
14444.3
24443.9
21784.9
5211.7
5448.1
14714.3
14767.1
19633.7
5521.0
7577.9
24325.6
17040.3
23009.0
9029.8
20639.7
21931.3
16040.0
17898.8
4320.1
20005.5
24825.6
3121.5
18072.4
12601.9
15280.4
11473.7
7516.8
8837.5
16776.1
9498.5
15962.7
12764.3
21593.1
14638.3
3888.4
12345.7
13259.9
13507.4
16025.5
14344.8
29661.0
12433.7
21637.9
18517.2
15165.7
17856.4
17901.5
10037.5
10645.5
12889.4
9461.7
19777.1
6736.3
11254.3
19912.3
9426.6
19583.7
9593.2
3939.6
10547.9
19975.4
20665.2
21532.7
7545.5
13502.5
9443.2
10592.4
16181.5
10383.1
17750.2
27756.8
19976.4
15010.1
3129.3
15510.0
26485.0
10817.8
12127.1
14699.7
10652.4
6634.1
20300.3
10026.0
16011.4
6743.3
13368.2
26008.9
13260.9
20045.2
24471.4
19307.4
16010.0
15763.0
16659.1
24609.1
14222.9
9816.3
4042.2
6333.2
16581.8
18572.2
13284.9
9119.7
24959.1
14388.4
4987.7
11172.8
13889.5
14541.0
15214.5
5567.1
25164.2
2946.2
15435.9
13605.3
18039.5
10943.4
23334.5
3617.4
10677.0
22882.6
14504.0
15324.1
26530.3
10581.5
5732.6
13748.5
3223.2
4291.3
10339.2
19100.3
17833.0
17213.5
8455.4
27054.3
13218.1
25314.5
16844.1
11603.2
7708.5
21747.8
13584.0
11289.2
27659.9
31219.0
16889.5
13450.2
14687.2
12137.1
11153.1
9236.3
11998.3
14080.3
18495.7
10074.6
15576.2
4058.3
5075.1
11316.2
19604.7
14900.7
21199.1
20213.4
12376.7
14682.9
14870.6
9077.1
6025.7
21837.5
24052.1
10057.1
16053.2
12396.1
3758.1
6509.1
3271.5
12675.0
5219.4
30121.0
19304.2
24507.3
6330.9
16259.3
12342.0
11101.3
11386.0
18899.4
3753.5
8966.9
23320.9
9374.8
12323.5
17418.8
17534.0
21941.0
11974.8
11696.1
14857.3
14305.4
20378.8
24318.9
22623.5
13811.9
2777.7
10983.9
32216.3
13016.2
18548.2
12259.2
32239.1
6995.4
12602.5
4062.9
16668.7
25994.1
10053.4
26445.0
15386.7
20860.6
16148.8
5397.6
6448.1
30259.5
18712.5
16815.7
13290.2
18243.8
11637.1
8819.5
11241.8
16735.1
13815.1
16779.9
12392.9
18499.8
13378.1
5993.8
12788.0
16151.6
17012.1
5814.9
12607.7
6217.2
11978.4
15137.9
15524.9
11955.7
8819.2
16578.5
14037.7
19179.9
13154.0
5016.3
17803.5
1637.4
14211.3
15205.4
16549.8
15948.3
15162.4
6339.2
17367.2
14818.2
17045.3
11610.7
16887.4
16060.2
11480.9
10902.6
20377.7
4902.0
12963.8
11416.9
16076.4
15433.4
3474.9
14073.2
13187.0
10961.9
9676.5
10636.5
14724.7
22906.2
12265.1
9871.3
14815.8
9106.7
14078.1
9333.7
9494.5
24518.8
5896.4
23986.9
16764.9
21938.4
11080.3
16964.7
24999.0
4680.7
11859.4
11060.8
7382.5
11821.6
32852.8
7897.4
26897.1
15777.3
17707.2
16948.6
12121.5
10189.2
2910.1
14638.4
16994.9
14813.5
9872.8
6143.5
7585.9
16280.4
3103.0
6816.2
8559.0
12655.4
17401.9
11188.8
10338.7
14943.1
6378.5
22110.8
6493.4
14073.5
5499.8
22662.4
14754.4
11725.4
14176.1
7679.9
15379.5
22842.0
15319.8
8644.5
19784.3
15280.5
13369.0
9370.2
14243.1
25692.7
8786.5
23295.5
2259.5
13182.3
9970.4
19174.7
14646.0
4074.1
11607.9
17640.4
8495.2
20690.3
13870.0
8468.0
16395.7
22873.2
17749.5
11956.3
26756.0
8468.5
22417.5
13701.8
19357.5
6880.1
23008.9
6800.1
11557.8
21307.1
2009.5
9790.0
12153.7
9470.5
12974.1
8805.2
9127.7
7803.3
13939.9
3601.9
8122.6
9856.6
10705.1
11392.8
16866.4
13913.9
13693.5
13797.9
14462.7
4535.9
20664.8
20185.0
12430.8
12128.9
11267.1
17948.7
7726.7
9176.6
10245.8
18743.2
21051.1
12141.1
7933.9
11677.1
23456.5
17807.8
8473.1
22450.2
13691.0
16482.4
15731.1
16750.6
17080.9
19697.0
15851.2
21251.1
13882.6
18592.7
7884.6
15822.8
14915.9
10069.9
23663.1
14247.5
7399.6
15726.9
14444.0
10644.0
6635.9
20229.9
10342.7
17467.4
11627.5
12362.6
13404.1
18330.6
8772.6
19118.9
11923.7
5557.3
12496.2
29617.1
15192.8
12020.6
41488.7
15744.3
2952.5
22758.1
14343.6
10366.0
14186.5
17154.5
4129.6
7268.5
13195.7
19923.6
23406.7
13751.8
10540.1
12538.1
21703.0
13613.3
24162.8
14703.3
19029.6
12834.1
10242.7
16339.2
8978.5
11355.5
13353.1
11410.8
9090.9
5974.2
15222.8
7631.0
9970.7
7274.2
5752.3
14246.5
9782.8
17635.6
17440.3
12642.3
11560.3
13724.6
12744.0
9046.0
5844.0
9365.1
18246.4
13166.5
6470.2
10556.3
16448.5
30627.6
18310.9
18528.6
15595.7
9203.7
12881.1
11953.9
10892.0
20511.3
19649.0
13623.0
5244.6
12901.5
17828.2
22973.9
17491.8
9090.8
12760.9
9040.9
15705.8
10592.2
22014.8
17180.8
24884.0
15084.5
10240.8
13567.8
9805.5
8737.1
11669.7
14033.0
12409.9
16074.2
21870.6
12060.4
23574.0
2869.4
28517.6
16732.3
31217.2
14088.0
20723.4
16293.2
17669.2
9215.1
19487.8
11982.0
9629.9
15393.4
24057.0
19793.7
19889.8
16018.6
14702.1
16072.8
15723.7
23763.5
14361.4
13641.6
18539.9
18183.5
2429.8
13144.3
6373.8
19191.7
18607.4
21456.7
15847.8
10087.3
19655.6
17300.2
6279.4
25092.6
13282.5
13852.0
24573.4
14321.6
13192.0
18275.0
19041.4
22054.4
10064.9
12805.4
6079.1
9337.9
13377.4
17560.1
7786.1
8738.3
13983.5
8355.4
19459.6
9734.1
20098.3
22416.5
13458.4
18066.0
1512.1
18679.4
22325.4
18069.4
22483.0
9947.7
15093.2
22046.8
12221.5
3674.1
20660.7
20573.2
9490.2
14773.5
14924.3
27740.1
11571.6
10271.8
18258.2
25398.9
12469.8
16876.2
7478.0
16779.9
12521.8
19166.1
15363.1
29563.0
8409.1
13270.4
9897.8
17056.8
19041.6
21464.4
14306.9
16627.7
11084.9
15711.4
8706.2
13571.2
13501.6
17021.4
10923.5
23133.4
13744.7
20626.0
27330.2
11893.5
13345.9
10989.9
18817.0
10236.4
32311.7
26096.8
9515.0
23134.1
19402.8
10914.3
15129.4
18635.5
18900.8
7779.2
7050.2
6634.2
20407.7
12359.4
8782.7
17972.4
6171.6
25095.2
15178.5
15405.1
9614.1
18183.0
22030.1
14362.1
9266.9
13783.0
23026.2
18963.3
6893.3
9877.6
14493.3
5420.6
20590.6
15229.4
11213.4
13478.8
21249.2
15830.1
22536.4
6790.9
15046.3
12491.9
12522.0
8537.6
16265.4
9236.6
21990.2
15677.2
8952.6
5196.3
7362.1
11197.1
17879.2
7185.7
16630.2
11460.1
14059.3
8249.5
10239.8
8644.3
30164.0
6031.0
20163.5
15668.5
7998.5
5137.8
16848.0
11343.1
19345.4
5723.9
10399.7
18640.5
9308.1
23225.7
13074.8
7898.6
9646.3
8724.8
16977.3
26424.3
4488.0
5057.2
11218.2
17324.1
17096.4
14975.7
20362.3
14492.9
17219.4
23669.8
15730.7
8810.3
9536.3
14725.3
13381.8
11856.2
17404.8
18295.1
10729.5
9317.7
9804.2
3071.7
10118.7
21369.7
10229.9
15550.3
19680.5
7046.5
14907.6
19041.7
11763.0
9556.0
20605.5
15701.5
17930.3
7021.7
11782.6
5739.3
11946.7
12813.9
8865.5
9957.6
11683.6
16488.7
8000.4
9943.5
28428.6
13680.3
18208.6
14617.6
19204.0
17779.3
10129.8
12869.9
6456.4
12983.1
14580.2
12344.6
4756.4
11571.2
8018.9
14191.7
23699.7
4286.7
21517.2
9076.1
12146.8
14194.1
21591.5
7027.7
16829.4
9684.6
6889.8
12743.3
3950.6
33103.8
10799.2
13835.4
18850.4
23583.3
5968.2
28967.7
9005.9
9833.4
13136.8
9232.7
5404.6
18986.4
11322.4
15001.1
7512.9
13028.5
11760.8
13529.1
12705.2
16186.2
15991.7
11566.0
18117.5
17773.6
19715.8
8171.0
6939.6
11049.2
21279.6
6021.0
4394.1
6420.6
13894.2
18540.7
23736.8
12732.6
17585.7
11611.7
6160.8
13374.4
12951.0
12474.7
17143.3
18453.0
17125.5
8995.6
24726.2
18447.9
6789.0
15306.6
17215.1
10263.1
10818.5
10769.0
3275.2
9321.1
9549.7
16270.3
8699.6
10763.9
14144.0
9903.6
9745.4
18867.8
24051.1
26558.5
27354.2
4611.4
23020.9
15335.1
10927.9
7486.1
12619.3
14515.8
11662.9
9034.2
9006.6
15001.6
17053.9
19191.3
10524.8
13851.4
18277.5
8289.3
4779.6
19544.4
15929.2
9680.6
19459.4
12138.9
9732.0
11893.0
14058.5
22971.0
8018.5
10208.5
10755.8
15488.7
18402.1
22384.7
17924.4
26145.1
12861.8
13927.8
3697.5
27147.3
21841.1
5199.2
15463.7
21150.2
19349.8
13217.7
20173.7
16907.0
31012.0
6449.8
35311.7
11354.3
4632.4
11767.2
28666.7
9333.6
9858.0
20022.2
6560.5
18309.1
11843.4
10715.5
15444.8
16754.2
21771.9
18140.3
14954.3
6373.0
8055.7
19223.4
14545.3
13307.4
20194.1
12644.8
16542.1
21280.5
3708.0
14170.8
7023.6
24938.9
15410.8
18616.3
4450.6
29401.6
19413.7
21869.7
14669.5
9650.2
26161.2
13953.2
8066.0
8429.0
11925.8
17857.4
14348.2
22920.3
13298.3
14747.2
13497.4
20194.7
12456.2
23864.3
18238.6
10564.1
17616.3
7571.6
12575.2
13019.1
10500.1
13953.5
17465.4
21387.8
7775.5
21153.9
5284.2
14167.4
8267.9
16936.1
13408.8
8128.5
17693.6
19573.4
21239.3
18551.2
19047.1
7633.6
5665.5
15567.6
22342.7
15066.9
8271.7
15152.2
23983.0
8116.4
15364.2
8326.3
18723.8
6604.3
18340.2
9423.0
12441.9
25087.1
20271.5
15992.1
13146.2
17226.1
10309.1
12773.0
10963.7
4968.7
16886.1
20418.6
9836.9
20834.6
20538.1
7942.3
21201.1
12307.2
15734.4
28675.0
8122.4
15988.8
11838.4
15781.1
21859.7
8920.7
5028.6
21676.2
15854.7
11955.1
19417.8
29492.2
12867.4
12027.9
7702.2
14934.0
13972.2
19019.9
11138.4
16919.8
31517.1
5161.7
11316.6
12416.3
17388.1
20166.8
16179.0
21857.0
9402.6
9693.4
5406.4
16808.8
18498.8
16577.2
7437.8
22157.7
20844.4
12910.2
20733.3
13123.6
24217.0
17277.3
12163.9
13772.7
14060.8
9810.5
10728.8
4637.3
25963.7
18020.4
14987.6
18818.2
10330.4
12239.9
15559.4
15102.2
16466.5
12282.0
10771.4
15602.8
35927.5
4609.0
17516.5
7630.7
21036.2
17250.9
23703.2
13305.5
9932.7
9353.8
25222.7
12806.0
13588.9
19813.7
7289.8
12518.2
25304.2
15500.8
20247.4
28574.4
16980.6
18877.6
15697.9
20516.3
19701.5
32015.1
15621.3
7471.6
13461.8
9073.4
19542.3
8117.7
10235.4
8559.0
7231.8
9593.5
13434.5
32448.1
10882.7
9653.2
14151.7
14994.4
18618.8
5522.3
11879.9
13872.7
17208.7
30177.1
7836.8
19731.3
17547.9
11583.6
12662.3
8536.8
15160.6
9510.3
16630.7
6960.2
7751.2
17611.3
29904.9
3363.6
18024.5
21283.1
17239.5
12156.1
18685.0
22151.7
16104.0
9422.5
10014.8
16419.0
16747.2
13434.8
15674.0
3488.3
21922.4
22695.6
12698.2
21613.3
8302.8
10901.3
23858.5
12355.4
21556.1
24112.1
14073.5
5240.3
10840.1
15863.6
13616.7
14732.9
4161.7
14325.2
11246.8
6243.6
11018.9
12652.7
11980.8
8920.3
10200.8
10405.2
10585.9
26109.2
13315.4
3714.3
2553.0
20324.6
6470.6
11587.7
8719.6
19624.9
17366.2
19669.1
18105.0
18398.5
15421.4
17651.5
25240.9
14155.4
7512.6
5563.2
19083.9
15485.6
11450.8
11535.1
12882.5
22661.5
9269.0
11863.8
10240.2
22597.4
7023.8
12135.4
9965.5
3783.3
12727.8
8117.1
19355.6
14354.9
5014.8
14294.0
13113.8
8915.8
10668.5
16238.0
12464.9
8899.0
18399.7
22230.0
21658.3
9962.6
16231.4
16618.6
21680.3
10793.0
19834.8
12674.9
12958.0
21073.2
7053.8
9686.0
15311.5
15812.0
4392.0
17417.0
22390.2
20577.0
11642.6
24414.2
25109.7
15792.0
12803.7
12582.8
11203.6
13934.2
5322.7
9940.5
10377.8
13595.8
6520.6
1589.5
20357.4
12859.9
20016.0
18130.8
17433.7
12085.4
21755.3
5226.2
8611.4
10587.1
5687.5
14128.8
36339.9
19122.4
15008.0
9113.2
18560.0
13937.9
6558.4
11490.4
15378.0
12531.5
16081.1
15726.3
15968.0
8050.7
22541.8
10271.5
17117.7
7683.9
16382.7
11529.8
18428.1
13053.7
15613.4
17826.8
23814.8
24770.1
7030.2
9629.7
9955.8
8725.8
19180.2
19094.6
19920.1
18371.5
7540.1
14956.8
7257.2
13357.5
3695.6
20072.0
9603.8
25049.3
10913.2
10994.3
14242.0
11470.9
17110.5
15162.7
23354.0
16261.3
8657.5
20357.0
18198.1
12816.3
25499.7
11123.0
5388.4
11559.7
15836.6
12780.7
5350.9
12011.4
10982.4
23277.7
12491.5
10618.8
10644.5
34244.2
4570.9
10122.6
22069.6
10563.8
13071.4
19577.5
10621.8
4888.2
6817.9
27210.6
8920.7
11652.6
7901.6
22964.0
8199.2
21527.6
4413.9
10029.1
11880.8
21986.9
10596.8
13158.0
13023.2
17259.7
8501.8
10346.3
19209.5
21268.5
8349.5
13926.3
12916.6
20038.1
9576.0
17716.3
9353.7
12743.4
14075.3
12767.8
21402.6
17519.9
16599.9
14867.5
18620.2
3617.7
27379.4
19600.2
11255.4
15709.5
26247.5
13874.2
15167.4
13162.4
5103.1
13713.3
5730.9
21820.9
13032.7
16261.4
29064.5
13815.9
19584.8
15853.8
12536.3
7798.3
11798.6
11655.8
9231.1
27226.0
6564.1
2919.1
12484.7
15764.1
14045.5
7936.6
14370.3
3744.7
30490.1
13106.9
15045.3
18336.7
20612.5
15575.8
19908.0
24405.2
10225.2
5187.4
13607.6
16738.1
7456.2
11278.3
19085.3
16487.1
13145.3
23004.9
20985.8
13045.9
18744.5
5176.2
7917.8
18374.5
6821.7
20069.2
19295.3
5753.2
7617.3
22252.6
17481.1
17706.5
17678.3
7429.4
22279.4
8903.8
6707.0
23628.7
9292.2
10007.0
4146.1
9045.8
8226.4
33567.3
9193.3
25984.0
11614.3
6884.0
19123.4
26782.1
12602.2
3217.1
12540.4
5014.8
16149.2
8612.2
10153.8
18632.4
32401.2
13632.5
17540.7
14108.0
5381.8
10123.5
15833.2
14386.4
8852.8
23210.6
16245.2
13051.8
15035.6
17232.4
11025.8
7970.6
10184.5
6995.7
10991.6
13362.3
18659.8
7367.9
19553.7
13536.0
18463.7
9802.3
16817.6
2377.7
16739.5
10590.1
12196.6
13372.8
10585.6
14670.1
